0.000000000000000000e+00 5.000000000000000000e+00 4.704906921386718750e+02 1.014311340332031250e+03 6.848497924804687500e+02 7.911682128906250000e-01 2.410278320312500000e-01 -9.503173828125000000e-02
0.000000000000000000e+00 6.800000000000000000e+01 4.712818603515625000e+02 1.014552368164062500e+03 6.847547607421875000e+02 1.268371582031250000e+00 4.224853515625000000e-01 -1.570434570312500000e-01
0.000000000000000000e+00 2.310000000000000000e+02 4.717590637207031250e+02 1.014733825683593750e+03 6.846927490234375000e+02 1.018829345703125000e+00 3.935546875000000000e-01 -1.317138671875000000e-01
0.000000000000000000e+00 1.120000000000000000e+02 4.723006896972656250e+02 1.014945922851562500e+03 6.846230468750000000e+02 1.079254150390625000e+00 4.365844726562500000e-01 -1.408081054687500000e-01
0.000000000000000000e+00 3.700000000000000000e+01 4.728383178710937500e+02 1.015170410156250000e+03 6.845519409179687500e+02 1.092620849609375000e+00 4.760131835937500000e-01 -1.470336914062500000e-01
0.000000000000000000e+00 1.630000000000000000e+02 4.733933105468750000e+02 1.015421936035156250e+03 6.844760131835937500e+02 1.175292968750000000e+00 5.671386718750000000e-01 -1.561279296875000000e-01
0.000000000000000000e+00 9.000000000000000000e+00 4.740136108398437500e+02 1.015737548828125000e+03 6.843958129882812500e+02 1.355834960937500000e+00 8.523559570312500000e-01 -1.781005859375000000e-01
0.000000000000000000e+00 4.000000000000000000e+00 4.747491455078125000e+02 1.016274291992187500e+03 6.842979125976562500e+02 1.316223144531250000e+00 1.247009277343750000e+00 -2.120361328125000000e-01
0.000000000000000000e+00 1.340000000000000000e+02 4.753298339843750000e+02 1.016984558105468750e+03 6.841837768554687500e+02 1.256744384765625000e+00 1.382263183593750000e+00 -2.224731445312500000e-01
0.000000000000000000e+00 1.110000000000000000e+02 4.760058898925781250e+02 1.017656555175781250e+03 6.840754394531250000e+02 1.334289550781250000e+00 1.318359375000000000e+00 -2.091674804687500000e-01
0.000000000000000000e+00 7.800000000000000000e+01 4.766641235351562500e+02 1.018302917480468750e+03 6.839746093750000000e+02 1.195373535156250000e+00 1.196044921875000000e+00 -1.839599609375000000e-01
0.000000000000000000e+00 1.920000000000000000e+02 4.772012634277343750e+02 1.018852600097656250e+03 6.838914794921875000e+02 1.138916015625000000e+00 1.139648437500000000e+00 -1.719970703125000000e-01
0.000000000000000000e+00 3.300000000000000000e+01 4.778030395507812500e+02 1.019442565917968750e+03 6.838026123046875000e+02 1.319854736328125000e+00 1.221069335937500000e+00 -1.851806640625000000e-01
0.000000000000000000e+00 1.680000000000000000e+02 4.785211181640625000e+02 1.020073669433593750e+03 6.837062988281250000e+02 1.138885498046875000e+00 9.570922851562500000e-01 -1.484375000000000000e-01
0.000000000000000000e+00 1.100000000000000000e+01 4.789419250488281250e+02 1.020399658203125000e+03 6.836541748046875000e+02 9.588012695312500000e-01 6.825561523437500000e-01 -1.147460937500000000e-01
0.000000000000000000e+00 1.610000000000000000e+02 4.794799194335937500e+02 1.020756225585937500e+03 6.835915527343750000e+02 1.107177734375000000e+00 6.870117187500000000e-01 -1.270141601562500000e-01
0.000000000000000000e+00 1.910000000000000000e+02 4.800491027832031250e+02 1.021086669921875000e+03 6.835271606445312500e+02 1.421112060546875000e+00 7.828369140625000000e-01 -1.630859375000000000e-01
0.000000000000000000e+00 1.540000000000000000e+02 4.809010314941406250e+02 1.021539062500000000e+03 6.834284667968750000e+02 1.561523437500000000e+00 8.143920898437500000e-01 -1.853027343750000000e-01
0.000000000000000000e+00 1.020000000000000000e+02 4.816106262207031250e+02 1.021901062011718750e+03 6.833418579101562500e+02 1.166931152343750000e+00 5.827026367187500000e-01 -1.468505859375000000e-01
0.000000000000000000e+00 1.750000000000000000e+02 4.820679626464843750e+02 1.022121765136718750e+03 6.832816162109375000e+02 1.110534667968750000e+00 5.263061523437500000e-01 -1.496582031250000000e-01
0.000000000000000000e+00 1.470000000000000000e+02 4.827211608886718750e+02 1.022427368164062500e+03 6.831921997070312500e+02 1.208587646484375000e+00 5.697021484375000000e-01 -1.701049804687500000e-01
0.000000000000000000e+00 2.200000000000000000e+01 4.832765502929687500e+02 1.022691467285156250e+03 6.831115112304687500e+02 1.041809082031250000e+00 5.006713867187500000e-01 -1.600341796875000000e-01
0.000000000000000000e+00 1.820000000000000000e+02 4.837629699707031250e+02 1.022928039550781250e+03 6.830321655273437500e+02 1.345764160156250000e+00 6.424560546875000000e-01 -2.228393554687500000e-01
0.000000000000000000e+00 1.590000000000000000e+02 4.846223144531250000e+02 1.023333923339843750e+03 6.828886718750000000e+02 1.358886718750000000e+00 6.327514648437500000e-01 -2.260131835937500000e-01
0.000000000000000000e+00 1.030000000000000000e+02 4.851218566894531250e+02 1.023560791015625000e+03 6.828061523437500000e+02 9.484558105468750000e-01 4.512939453125000000e-01 -1.692504882812500000e-01
0.000000000000000000e+00 7.300000000000000000e+01 4.855707702636718750e+02 1.023785217285156250e+03 6.827194213867187500e+02 1.130767822265625000e+00 7.087402343750000000e-01 -2.994384765625000000e-01
0.000000000000000000e+00 3.100000000000000000e+01 4.862526245117187500e+02 1.024269531250000000e+03 6.825067138671875000e+02 1.238098144531250000e+00 8.901977539062500000e-01 -3.886718750000000000e-01
0.000000000000000000e+00 1.700000000000000000e+01 4.868088684082031250e+02 1.024675415039062500e+03 6.823307495117187500e+02 1.116790771484375000e+00 8.391113281250000000e-01 -3.631591796875000000e-01
0.000000000000000000e+00 2.010000000000000000e+02 4.873694152832031250e+02 1.025108642578125000e+03 6.821435546875000000e+02 1.014221191406250000e+00 7.966308593750000000e-01 -3.428955078125000000e-01
0.000000000000000000e+00 1.890000000000000000e+02 4.878230895996093750e+02 1.025472045898437500e+03 6.819878540039062500e+02 1.139801025390625000e+00 9.685058593750000000e-01 -4.061279296875000000e-01
0.000000000000000000e+00 1.250000000000000000e+02 4.885092163085937500e+02 1.026077148437500000e+03 6.817374267578125000e+02 1.101196289062500000e+00 9.899902343750000000e-01 -4.054565429687500000e-01
0.000000000000000000e+00 2.150000000000000000e+02 4.889242858886718750e+02 1.026462036132812500e+03 6.815823974609375000e+02 8.462524414062500000e-01 8.018798828125000000e-01 -3.176879882812500000e-01
0.000000000000000000e+00 9.900000000000000000e+01 4.893554687500000000e+02 1.026879028320312500e+03 6.814197387695312500e+02 8.030395507812500000e-01 7.816162109375000000e-01 -3.024902343750000000e-01
0.000000000000000000e+00 2.110000000000000000e+02 4.897273254394531250e+02 1.027243652343750000e+03 6.812799072265625000e+02 9.857482910156250000e-01 9.772949218750000000e-01 -3.661499023437500000e-01
0.000000000000000000e+00 2.900000000000000000e+01 4.903412170410156250e+02 1.027856323242187500e+03 6.810535888671875000e+02 1.019531250000000000e+00 1.018676757812500000e+00 -3.696289062500000000e-01
0.000000000000000000e+00 2.490000000000000000e+02 4.907468566894531250e+02 1.028262329101562500e+03 6.809102783203125000e+02 7.412719726562500000e-01 7.573242187500000000e-01 -2.671508789062500000e-01
0.000000000000000000e+00 9.500000000000000000e+01 4.910824890136718750e+02 1.028613647460937500e+03 6.807864379882812500e+02 8.071289062500000000e-01 7.940673828125000000e-01 -2.667236328125000000e-01
0.000000000000000000e+00 1.380000000000000000e+02 4.915539855957031250e+02 1.029056396484375000e+03 6.806435546875000000e+02 8.539733886718750000e-01 8.120117187500000000e-01 -2.637939453125000000e-01
0.000000000000000000e+00 1.240000000000000000e+02 4.919364624023437500e+02 1.029425659179687500e+03 6.805226440429687500e+02 7.427368164062500000e-01 7.124023437500000000e-01 -2.322998046875000000e-01
0.000000000000000000e+00 2.560000000000000000e+02 4.922967224121093750e+02 1.029768798828125000e+03 6.804112548828125000e+02 7.203674316406250000e-01 6.806640625000000000e-01 -2.204589843750000000e-01
0.000000000000000000e+00 1.950000000000000000e+02 4.926568298339843750e+02 1.030106323242187500e+03 6.803021850585937500e+02 7.490844726562500000e-01 6.971435546875000000e-01 -2.253417968750000000e-01
0.000000000000000000e+00 7.900000000000000000e+01 4.930458068847656250e+02 1.030465942382812500e+03 6.801859130859375000e+02 7.529296875000000000e-01 6.911621093750000000e-01 -2.239379882812500000e-01
0.000000000000000000e+00 2.740000000000000000e+02 4.934097595214843750e+02 1.030797485351562500e+03 6.800782470703125000e+02 7.285156250000000000e-01 6.585693359375000000e-01 -2.146606445312500000e-01
0.000000000000000000e+00 1.410000000000000000e+02 4.937743225097656250e+02 1.031124511718750000e+03 6.799712524414062500e+02 1.040710449218750000e+00 9.144287109375000000e-01 -3.056030273437500000e-01
0.000000000000000000e+00 4.200000000000000000e+01 4.944504699707031250e+02 1.031711914062500000e+03 6.797726440429687500e+02 1.315093994140625000e+00 1.129272460937500000e+00 -3.861083984375000000e-01
0.000000000000000000e+00 5.700000000000000000e+01 4.950894165039062500e+02 1.032253784179687500e+03 6.795851440429687500e+02 1.060913085937500000e+00 8.369140625000000000e-01 -3.374633789062500000e-01
0.000000000000000000e+00 1.010000000000000000e+02 4.955113830566406250e+02 1.032548828125000000e+03 6.794351806640625000e+02 9.423828125000000000e-01 7.207031250000000000e-01 -3.013916015625000000e-01
0.000000000000000000e+00 1.500000000000000000e+01 4.960317993164062500e+02 1.032974487304687500e+03 6.792837524414062500e+02 1.017608642578125000e+00 5.566406250000000000e-01 -5.534667968750000000e-01
0.000000000000000000e+00 1.200000000000000000e+01 4.965289916992187500e+02 1.033105468750000000e+03 6.788817138671875000e+02 9.444274902343750000e-01 2.012939453125000000e-01 -8.386230468750000000e-01
0.000000000000000000e+00 1.140000000000000000e+02 4.969762268066406250e+02 1.033175781250000000e+03 6.784451293945312500e+02 9.159851074218750000e-01 1.171875000000000000e-01 -9.551391601562500000e-01
0.000000000000000000e+00 2.120000000000000000e+02 4.974449768066406250e+02 1.033222656250000000e+03 6.779265747070312500e+02 8.480834960937500000e-01 8.215332031250000000e-02 -9.415283203125000000e-01
0.000000000000000000e+00 2.890000000000000000e+02 4.978243103027343750e+02 1.033257934570312500e+03 6.775036010742187500e+02 8.079833984375000000e-01 7.238769531250000000e-02 -9.053344726562500000e-01
0.000000000000000000e+00 2.510000000000000000e+02 4.982529602050781250e+02 1.033295043945312500e+03 6.770212402343750000e+02 8.662414550781250000e-01 7.189941406250000000e-02 -9.817504882812500000e-01
0.000000000000000000e+00 2.730000000000000000e+02 4.986905517578125000e+02 1.033329833984375000e+03 6.765218505859375000e+02 1.077484130859375000e+00 8.374023437500000000e-02 -1.233825683593750000e+00
0.000000000000000000e+00 1.290000000000000000e+02 4.993304443359375000e+02 1.033378784179687500e+03 6.757874145507812500e+02 1.096801757812500000e+00 8.276367187500000000e-02 -1.262817382812500000e+00
0.000000000000000000e+00 2.240000000000000000e+02 4.997873535156250000e+02 1.033412597656250000e+03 6.752590332031250000e+02 8.671569824218750000e-01 6.359863281250000000e-02 -1.006225585937500000e+00
0.000000000000000000e+00 2.220000000000000000e+02 5.001976013183593750e+02 1.033442382812500000e+03 6.747811889648437500e+02 8.593444824218750000e-01 6.286621093750000000e-02 -1.008972167968750000e+00
0.000000000000000000e+00 1.730000000000000000e+02 5.006466979980468750e+02 1.033475463867187500e+03 6.742500610351562500e+02 8.067321777343750000e-01 7.128906250000000000e-02 -9.702148437500000000e-01
0.000000000000000000e+00 9.600000000000000000e+01 5.010043334960937500e+02 1.033513671875000000e+03 6.738109741210937500e+02 6.779174804687500000e-01 1.119384765625000000e-01 -8.386230468750000000e-01
0.000000000000000000e+00 2.360000000000000000e+02 5.013246154785156250e+02 1.033587402343750000e+03 6.734114379882812500e+02 -3.202819824218750000e-01 -7.373046875000000000e-02 3.995361328125000000e-01
1.000000000000000000e+00 5.000000000000000000e+00 4.704906921386718750e+02 1.014311340332031250e+03 6.848497924804687500e+02 -9.605407714843750000e-01 -9.936523437500000000e-02 8.489990234375000000e-02
1.000000000000000000e+00 1.790000000000000000e+02 4.695301513671875000e+02 1.014211975097656250e+03 6.849346923828125000e+02 -1.487640380859375000e+00 -9.313964843750000000e-02 1.214599609375000000e-01
1.000000000000000000e+00 1.050000000000000000e+02 4.690030517578125000e+02 1.014218200683593750e+03 6.849712524414062500e+02 -1.414428710937500000e+00 5.847167968750000000e-02 9.088134765625000000e-02
1.000000000000000000e+00 8.600000000000000000e+01 4.681157226562500000e+02 1.014270446777343750e+03 6.850255737304687500e+02 -1.450317382812500000e+00 8.654785156250000000e-02 8.905029296875000000e-02
1.000000000000000000e+00 2.190000000000000000e+02 4.675527343750000000e+02 1.014304748535156250e+03 6.850603027343750000e+02 -1.071990966796875000e+00 1.047973632812500000e-01 5.761718750000000000e-02
1.000000000000000000e+00 7.400000000000000000e+01 4.670437316894531250e+02 1.014375244140625000e+03 6.850831909179687500e+02 -1.245758056640625000e+00 3.152465820312500000e-01 2.471923828125000000e-02
1.000000000000000000e+00 2.130000000000000000e+02 4.663069763183593750e+02 1.014619995117187500e+03 6.850850219726562500e+02 -1.237792968750000000e+00 4.142456054687500000e-01 2.746582031250000000e-03
1.000000000000000000e+00 1.390000000000000000e+02 4.658059387207031250e+02 1.014789489746093750e+03 6.850859375000000000e+02 -9.885559082031250000e-01 3.892211914062500000e-01 -1.190185546875000000e-02
1.000000000000000000e+00 2.380000000000000000e+02 4.653184204101562500e+02 1.015009216308593750e+03 6.850731201171875000e+02 -9.325866699218750000e-01 4.571533203125000000e-01 -3.399658203125000000e-02
1.000000000000000000e+00 1.960000000000000000e+02 4.648733520507812500e+02 1.015246643066406250e+03 6.850519409179687500e+02 -1.271026611328125000e+00 7.274169921875000000e-01 -7.409667968750000000e-02
1.000000000000000000e+00 1.570000000000000000e+02 4.640473937988281250e+02 1.015736633300781250e+03 6.849990234375000000e+02 -1.538452148437500000e+00 9.715576171875000000e-01 -1.162719726562500000e-01
1.000000000000000000e+00 5.800000000000000000e+01 4.633348999023437500e+02 1.016218200683593750e+03 6.849356689453125000e+02 -1.320373535156250000e+00 9.252929687500000000e-01 -1.271362304687500000e-01
1.000000000000000000e+00 1.860000000000000000e+02 4.627270202636718750e+02 1.016661926269531250e+03 6.848718872070312500e+02 -1.332397460937500000e+00 1.111694335937500000e+00 -1.920776367187500000e-01
1.000000000000000000e+00 2.090000000000000000e+02 4.620025024414062500e+02 1.017329895019531250e+03 6.847435913085937500e+02 -1.280944824218750000e+00 1.223327636718750000e+00 -2.456054687500000000e-01
1.000000000000000000e+00 2.400000000000000000e+01 4.614460754394531250e+02 1.017885253906250000e+03 6.846262817382812500e+02 -9.697875976562500000e-01 9.945068359375000000e-01 -2.176513671875000000e-01
1.000000000000000000e+00 2.410000000000000000e+02 4.610327148437500000e+02 1.018324401855468750e+03 6.845259399414062500e+02 -7.755126953125000000e-01 8.399658203125000000e-01 -1.976318359375000000e-01
1.000000000000000000e+00 2.030000000000000000e+02 4.606705627441406250e+02 1.018725219726562500e+03 6.844286499023437500e+02 -7.204895019531250000e-01 8.117065429687500000e-01 -2.036743164062500000e-01
1.000000000000000000e+00 1.400000000000000000e+02 4.603122253417968750e+02 1.019136108398437500e+03 6.843222656250000000e+02 -9.224548339843750000e-01 1.083312988281250000e+00 -2.977294921875000000e-01
1.000000000000000000e+00 1.510000000000000000e+02 4.597481079101562500e+02 1.019808532714843750e+03 6.841309204101562500e+02 -1.171691894531250000e+00 1.414367675781250000e+00 -4.291992187500000000e-01
1.000000000000000000e+00 1.220000000000000000e+02 4.591405334472656250e+02 1.020550476074218750e+03 6.838930664062500000e+02 -1.023681640625000000e+00 1.248474121093750000e+00 -4.190063476562500000e-01
1.000000000000000000e+00 1.170000000000000000e+02 4.587244262695312500e+02 1.021057006835937500e+03 6.837119140625000000e+02 -8.664550781250000000e-01 1.045715332031250000e+00 -3.897094726562500000e-01
1.000000000000000000e+00 1.070000000000000000e+02 4.582740783691406250e+02 1.021596191406250000e+03 6.835033569335937500e+02 -8.450012207031250000e-01 1.001403808593750000e+00 -3.993530273437500000e-01
1.000000000000000000e+00 1.770000000000000000e+02 4.578794250488281250e+02 1.022058410644531250e+03 6.833125610351562500e+02 -7.260437011718750000e-01 8.416137695312500000e-01 -3.558349609375000000e-01
1.000000000000000000e+00 4.700000000000000000e+01 4.575480346679687500e+02 1.022437805175781250e+03 6.831475219726562500e+02 -7.554626464843750000e-01 8.519287109375000000e-01 -3.820800781250000000e-01
1.000000000000000000e+00 2.020000000000000000e+02 4.571239624023437500e+02 1.022910339355468750e+03 6.829304809570312500e+02 -7.996215820312500000e-01 8.780517578125000000e-01 -4.139404296875000000e-01
1.000000000000000000e+00 6.400000000000000000e+01 4.567484130859375000e+02 1.023315856933593750e+03 6.827335815429687500e+02 -8.875122070312500000e-01 9.364624023437500000e-01 -4.730834960937500000e-01
1.000000000000000000e+00 7.500000000000000000e+01 4.562364501953125000e+02 1.023846801757812500e+03 6.824573974609375000e+02 -8.970031738281250000e-01 9.121704101562500000e-01 -4.890136718750000000e-01
1.000000000000000000e+00 2.400000000000000000e+02 4.558514099121093750e+02 1.024228027343750000e+03 6.822445678710937500e+02 -7.485046386718750000e-01 7.301025390625000000e-01 -4.164428710937500000e-01
1.000000000000000000e+00 4.600000000000000000e+01 4.554879455566406250e+02 1.024576904296875000e+03 6.820409545898437500e+02 -7.621765136718750000e-01 7.222900390625000000e-01 -4.286499023437500000e-01
1.000000000000000000e+00 2.280000000000000000e+02 4.550892333984375000e+02 1.024950317382812500e+03 6.818159179687500000e+02 -7.634277343750000000e-01 7.065429687500000000e-01 -4.318847656250000000e-01
1.000000000000000000e+00 2.050000000000000000e+02 4.547245178222656250e+02 1.025283447265625000e+03 6.816090698242187500e+02 -7.584228515625000000e-01 6.820068359375000000e-01 -4.285888671875000000e-01
1.000000000000000000e+00 8.000000000000000000e+01 4.543308105468750000e+02 1.025632324218750000e+03 6.813873291015625000e+02 -8.986816406250000000e-01 7.791748046875000000e-01 -4.968872070312500000e-01
1.000000000000000000e+00 9.100000000000000000e+01 4.538258361816406250e+02 1.026062622070312500e+03 6.811121826171875000e+02 -1.034240722656250000e+00 8.596191406250000000e-01 -5.479736328125000000e-01
1.000000000000000000e+00 1.520000000000000000e+02 4.532965698242187500e+02 1.026491943359375000e+03 6.808393554687500000e+02 -9.527893066406250000e-01 7.564697265625000000e-01 -4.776611328125000000e-01
1.000000000000000000e+00 2.320000000000000000e+02 4.528730468750000000e+02 1.026819091796875000e+03 6.806345214843750000e+02 -8.130493164062500000e-01 6.130371093750000000e-01 -3.802490234375000000e-01
1.000000000000000000e+00 1.200000000000000000e+02 4.524835205078125000e+02 1.027104980468750000e+03 6.804591064453125000e+02 -8.796691894531250000e-01 6.251220703125000000e-01 -3.781127929687500000e-01
1.000000000000000000e+00 2.040000000000000000e+02 4.519933776855468750e+02 1.027444213867187500e+03 6.802564086914062500e+02 -1.007812500000000000e+00 6.718750000000000000e-01 -3.939819335937500000e-01
1.000000000000000000e+00 1.690000000000000000e+02 4.514757080078125000e+02 1.027776855468750000e+03 6.800651245117187500e+02 -1.178039550781250000e+00 7.227783203125000000e-01 -4.046630859375000000e-01
1.000000000000000000e+00 1.760000000000000000e+02 4.508153381347656250e+02 1.028166992187500000e+03 6.798517456054687500e+02 -1.157562255859375000e+00 6.579589843750000000e-01 -3.510131835937500000e-01
1.000000000000000000e+00 2.180000000000000000e+02 4.503181457519531250e+02 1.028434814453125000e+03 6.797141113281250000e+02 -9.540710449218750000e-01 4.940185546875000000e-01 -2.465209960937500000e-01
1.000000000000000000e+00 1.710000000000000000e+02 4.498612670898437500e+02 1.028661010742187500e+03 6.796052246093750000e+02 -1.072601318359375000e+00 5.046386718750000000e-01 -2.325439453125000000e-01
1.000000000000000000e+00 2.230000000000000000e+02 4.492455444335937500e+02 1.028939453125000000e+03 6.794815673828125000e+02 -1.089477539062500000e+00 4.725341796875000000e-01 -2.014160156250000000e-01
1.000000000000000000e+00 2.570000000000000000e+02 4.487717895507812500e+02 1.029133544921875000e+03 6.794038085937500000e+02 -9.848632812500000000e-01 3.804931640625000000e-01 -1.418457031250000000e-01
1.000000000000000000e+00 8.400000000000000000e+01 4.482606811523437500e+02 1.029319946289062500e+03 6.793397216796875000e+02 -1.161529541015625000e+00 3.803710937500000000e-01 -1.091308593750000000e-01
1.000000000000000000e+00 1.430000000000000000e+02 4.476102600097656250e+02 1.029513916015625000e+03 6.792946777343750000e+02 -1.430938720703125000e+00 3.518066406250000000e-01 -3.759765625000000000e-02
1.000000000000000000e+00 8.900000000000000000e+01 4.468297424316406250e+02 1.029671752929687500e+03 6.793021240234375000e+02 -1.349365234375000000e+00 2.053222656250000000e-01 6.610107421875000000e-02
1.000000000000000000e+00 1.560000000000000000e+02 4.462608947753906250e+02 1.029719238281250000e+03 6.793607788085937500e+02 -1.146514892578125000e+00 4.028320312500000000e-02 1.604003906250000000e-01
1.000000000000000000e+00 5.300000000000000000e+01 4.456832275390625000e+02 1.029712036132812500e+03 6.794625244140625000e+02 -1.222747802734375000e+00 -1.110839843750000000e-02 2.192993164062500000e-01
1.000000000000000000e+00 1.810000000000000000e+02 4.450381469726562500e+02 1.029708129882812500e+03 6.795800781250000000e+02 -1.249633789062500000e+00 -1.783447265625000000e-01 3.349609375000000000e-01
1.000000000000000000e+00 1.000000000000000000e+01 4.444335937500000000e+02 1.029533691406250000e+03 6.797974853515625000e+02 -1.194152832031250000e+00 -3.621826171875000000e-01 4.419555664062500000e-01
1.000000000000000000e+00 1.620000000000000000e+02 4.438439941406250000e+02 1.029345947265625000e+03 6.800220336914062500e+02 -1.045532226562500000e+00 -3.314208984375000000e-01 3.977661132812500000e-01
1.000000000000000000e+00 1.360000000000000000e+02 4.433880615234375000e+02 1.029202270507812500e+03 6.801952514648437500e+02 -1.082519531250000000e+00 -3.962402343750000000e-01 4.431152343750000000e-01
1.000000000000000000e+00 1.650000000000000000e+02 4.427614746093750000e+02 1.028949707031250000e+03 6.804651489257812500e+02 -1.155487060546875000e+00 -4.774169921875000000e-01 5.048828125000000000e-01
1.000000000000000000e+00 2.070000000000000000e+02 4.422325744628906250e+02 1.028724853515625000e+03 6.807001342773437500e+02 -1.130401611328125000e+00 -4.771728515625000000e-01 5.016479492187500000e-01
1.000000000000000000e+00 1.150000000000000000e+02 4.416310729980468750e+02 1.028472534179687500e+03 6.809667968750000000e+02 -1.045318603515625000e+00 -4.965820312500000000e-01 4.903564453125000000e-01
1.000000000000000000e+00 4.500000000000000000e+01 4.411872558593750000e+02 1.028228271484375000e+03 6.811904907226562500e+02 -8.660888671875000000e-01 -4.985351562500000000e-01 4.468383789062500000e-01
1.000000000000000000e+00 1.830000000000000000e+02 4.407649841308593750e+02 1.027973999023437500e+03 6.814136352539062500e+02 -8.281860351562500000e-01 -4.973144531250000000e-01 4.373168945312500000e-01
1.000000000000000000e+00 2.800000000000000000e+01 4.403590698242187500e+02 1.027730957031250000e+03 6.816278076171875000e+02 -9.419860839843750000e-01 -5.728759765625000000e-01 5.012817382812500000e-01
1.000000000000000000e+00 9.400000000000000000e+01 4.398229980468750000e+02 1.027401123046875000e+03 6.819149169921875000e+02 -1.015197753906250000e+00 -6.408691406250000000e-01 5.513305664062500000e-01
1.000000000000000000e+00 6.500000000000000000e+01 4.393438720703125000e+02 1.027090087890625000e+03 6.821791381835937500e+02 -1.098754882812500000e+00 -7.380371093750000000e-01 6.171875000000000000e-01
1.000000000000000000e+00 7.000000000000000000e+01 4.387242431640625000e+02 1.026663085937500000e+03 6.825321044921875000e+02 -1.018920898437500000e+00 -7.154541015625000000e-01 5.870361328125000000e-01
1.000000000000000000e+00 1.930000000000000000e+02 4.383249511718750000e+02 1.026374633789062500e+03 6.827661743164062500e+02 -9.768981933593750000e-01 -7.297363281250000000e-01 5.839843750000000000e-01
1.000000000000000000e+00 5.400000000000000000e+01 4.377473449707031250e+02 1.025933349609375000e+03 6.831160888671875000e+02 -1.120544433593750000e+00 -8.804931640625000000e-01 6.904296875000000000e-01
1.000000000000000000e+00 1.900000000000000000e+01 4.372044067382812500e+02 1.025494140625000000e+03 6.834566040039062500e+02 -8.775329589843750000e-01 -7.376708984375000000e-01 5.646362304687500000e-01
1.000000000000000000e+00 3.200000000000000000e+01 4.368698120117187500e+02 1.025195678710937500e+03 6.836807250976562500e+02 -7.164611816406250000e-01 -6.605224609375000000e-01 4.904174804687500000e-01
1.000000000000000000e+00 6.200000000000000000e+01 4.364879455566406250e+02 1.024833618164062500e+03 6.839470214843750000e+02 -8.114318847656250000e-01 -7.717285156250000000e-01 5.667114257812500000e-01
1.000000000000000000e+00 1.420000000000000000e+02 4.360583801269531250e+02 1.024423950195312500e+03 6.842474365234375000e+02 -1.038665771484375000e+00 -1.028259277343750000e+00 7.441406250000000000e-01
1.000000000000000000e+00 1.530000000000000000e+02 4.354492797851562500e+02 1.023805358886718750e+03 6.846911621093750000e+02 -9.744567871093750000e-01 -1.024841308593750000e+00 7.269287109375000000e-01
1.000000000000000000e+00 9.000000000000000000e+01 4.350839233398437500e+02 1.023399108886718750e+03 6.849743652343750000e+02 -6.844787597656250000e-01 -7.832641601562500000e-01 5.413818359375000000e-01
1.000000000000000000e+00 5.500000000000000000e+01 4.347648010253906250e+02 1.023022094726562500e+03 6.852325439453125000e+02 -5.976867675781250000e-01 -7.329101562500000000e-01 4.967041015625000000e-01
1.000000000000000000e+00 1.970000000000000000e+02 4.344862365722656250e+02 1.022666198730468750e+03 6.854710693359375000e+02 -5.481262207031250000e-01 -7.330322265625000000e-01 4.857177734375000000e-01
1.000000000000000000e+00 1.280000000000000000e+02 4.342166748046875000e+02 1.022289062500000000e+03 6.857182617187500000e+02 -5.246887207031250000e-01 -7.580566406250000000e-01 4.932250976562500000e-01
1.000000000000000000e+00 2.300000000000000000e+01 4.339615478515625000e+02 1.021908142089843750e+03 6.859642944335937500e+02 -5.798950195312500000e-01 -9.020996093750000000e-01 5.778198242187500000e-01
1.000000000000000000e+00 5.600000000000000000e+01 4.336367797851562500e+02 1.021386962890625000e+03 6.862960815429687500e+02 -6.486816406250000000e-01 -1.103576660156250000e+00 6.951904296875000000e-01
1.000000000000000000e+00 8.500000000000000000e+01 4.333128662109375000e+02 1.020804565429687500e+03 6.866594848632812500e+02 -6.726074218750000000e-01 -1.297119140625000000e+00 8.007202148437500000e-01
1.000000000000000000e+00 1.330000000000000000e+02 4.329641723632812500e+02 1.020089843750000000e+03 6.870968017578125000e+02 -5.249938964843750000e-01 -1.116333007812500000e+00 6.798095703125000000e-01
1.000000000000000000e+00 2.080000000000000000e+02 4.327878723144531250e+02 1.019688232421875000e+03 6.873392944335937500e+02 -4.143371582031250000e-01 -1.021423339843750000e+00 6.118164062500000000e-01
1.000000000000000000e+00 3.500000000000000000e+01 4.325498352050781250e+02 1.019068420410156250e+03 6.877086181640625000e+02 -3.820190429687500000e-01 -1.044128417968750000e+00 6.195678710937500000e-01
1.000000000000000000e+00 2.210000000000000000e+02 4.324058532714843750e+02 1.018644104003906250e+03 6.879588623046875000e+02 -3.230590820312500000e-01 -1.020202636718750000e+00 5.986938476562500000e-01
1.000000000000000000e+00 7.200000000000000000e+01 4.322267761230468750e+02 1.018048217773437500e+03 6.883073120117187500e+02 -3.136596679687500000e-01 -1.174316406250000000e+00 6.826782226562500000e-01
1.000000000000000000e+00 2.000000000000000000e+02 4.320921936035156250e+02 1.017469787597656250e+03 6.886415405273437500e+02 -2.304992675781250000e-01 -1.056274414062500000e+00 6.088256835937500000e-01
1.000000000000000000e+00 1.980000000000000000e+02 4.319962768554687500e+02 1.016991943359375000e+03 6.889161376953125000e+02 -1.976013183593750000e-01 -1.083618164062500000e+00 6.207885742187500000e-01
1.000000000000000000e+00 2.160000000000000000e+02 4.318945922851562500e+02 1.016386169433593750e+03 6.892623291015625000e+02 -1.953735351562500000e-01 -1.324035644531250000e+00 7.543945312500000000e-01
1.000000000000000000e+00 1.230000000000000000e+02 4.318009033203125000e+02 1.015667907714843750e+03 6.896705322265625000e+02 -1.687316894531250000e-01 -1.489379882812500000e+00 8.441162109375000000e-01
1.000000000000000000e+00 1.500000000000000000e+02 4.317258605957031250e+02 1.014896789550781250e+03 6.901064453125000000e+02 -1.164245605468750000e-01 -1.320739746093750000e+00 7.454833984375000000e-01
1.000000000000000000e+00 1.350000000000000000e+02 4.316844787597656250e+02 1.014347167968750000e+03 6.904160156250000000e+02 -7.482910156250000000e-02 -1.081115722656250000e+00 6.079711914062500000e-01
1.000000000000000000e+00 2.340000000000000000e+02 4.316510314941406250e+02 1.013815673828125000e+03 6.907144165039062500e+02 -5.947875976562500000e-02 -1.010742187500000000e+00 5.667724609375000000e-01
1.000000000000000000e+00 1.700000000000000000e+02 4.316250000000000000e+02 1.013336425781250000e+03 6.909827880859375000e+02 -6.292724609375000000e-02 -1.215942382812500000e+00 6.793212890625000000e-01
1.000000000000000000e+00 4.300000000000000000e+01 4.315881042480468750e+02 1.012599731445312500e+03 6.913937377929687500e+02 -6.582641601562500000e-02 -1.284606933593750000e+00 7.148437500000000000e-01
1.000000000000000000e+00 9.200000000000000000e+01 4.315591735839843750e+02 1.012051818847656250e+03 6.916976318359375000e+02 -5.593872070312500000e-02 -1.010864257812500000e+00 5.595703125000000000e-01
1.000000000000000000e+00 1.740000000000000000e+02 4.315321655273437500e+02 1.011588867187500000e+03 6.919533081054687500e+02 -7.049560546875000000e-02 -1.077331542968750000e+00 5.928955078125000000e-01
1.000000000000000000e+00 1.000000000000000000e+00 4.314886779785156250e+02 1.010974487304687500e+03 6.922905273437500000e+02 -1.031799316406250000e-01 -1.260986328125000000e+00 6.887207031250000000e-01
1.000000000000000000e+00 2.000000000000000000e+01 4.314289855957031250e+02 1.010327880859375000e+03 6.926420288085937500e+02 -1.241149902343750000e-01 -1.148925781250000000e+00 6.204223632812500000e-01
1.000000000000000000e+00 2.200000000000000000e+02 4.313645629882812500e+02 1.009825561523437500e+03 6.929109497070312500e+02 -1.414489746093750000e-01 -9.909057617187500000e-01 5.273437500000000000e-01
1.000000000000000000e+00 1.900000000000000000e+02 4.312875366210937500e+02 1.009336975097656250e+03 6.931693725585937500e+02 -1.599731445312500000e-01 -9.447021484375000000e-01 4.972534179687500000e-01
1.000000000000000000e+00 1.800000000000000000e+01 4.312045898437500000e+02 1.008880859375000000e+03 6.934082031250000000e+02 -2.702636718750000000e-01 -1.309875488281250000e+00 6.787109375000000000e-01
1.000000000000000000e+00 2.060000000000000000e+02 4.310172729492187500e+02 1.008027099609375000e+03 6.938480834960937500e+02 -3.620605468750000000e-01 -1.523742675781250000e+00 7.790527343750000000e-01
1.000000000000000000e+00 6.600000000000000000e+01 4.308425292968750000e+02 1.007357116699218750e+03 6.941872558593750000e+02 -3.372497558593750000e-01 -1.221130371093750000e+00 6.141357421875000000e-01
1.000000000000000000e+00 2.260000000000000000e+02 4.306800231933593750e+02 1.006805969238281250e+03 6.944622192382812500e+02 -3.052062988281250000e-01 -9.888916015625000000e-01 4.905395507812500000e-01
1.000000000000000000e+00 6.000000000000000000e+00 4.305373229980468750e+02 1.006368225097656250e+03 6.946777954101562500e+02 -3.816833496093750000e-01 -1.106018066406250000e+00 5.404663085937500000e-01
1.000000000000000000e+00 1.080000000000000000e+02 4.302983398437500000e+02 1.005699951171875000e+03 6.950026855468750000e+02 -4.263916015625000000e-01 -1.125183105468750000e+00 5.426025390625000000e-01
1.000000000000000000e+00 2.420000000000000000e+02 4.301109313964843750e+02 1.005243041992187500e+03 6.952203979492187500e+02 -4.115600585937500000e-01 -9.637451171875000000e-01 4.562377929687500000e-01
1.000000000000000000e+00 1.660000000000000000e+02 4.298867797851562500e+02 1.004736206054687500e+03 6.954589233398437500e+02 -4.598693847656250000e-01 -9.866943359375000000e-01 4.604492187500000000e-01
1.000000000000000000e+00 1.190000000000000000e+02 4.296510620117187500e+02 1.004256347656250000e+03 6.956808471679687500e+02 -5.241394042968750000e-01 -9.843750000000000000e-01 4.486694335937500000e-01
1.000000000000000000e+00 1.780000000000000000e+02 4.293626403808593750e+02 1.003751831054687500e+03 6.959075927734375000e+02 -5.625610351562500000e-01 -9.538574218750000000e-01 4.260864257812500000e-01
1.000000000000000000e+00 1.320000000000000000e+02 4.290885009765625000e+02 1.003302490234375000e+03 6.961069335937500000e+02 -7.777404785156250000e-01 -1.195861816406250000e+00 5.236206054687500000e-01
1.000000000000000000e+00 3.600000000000000000e+01 4.285848999023437500e+02 1.002555969238281250e+03 6.964312133789062500e+02 -8.434753417968750000e-01 -1.202819824218750000e+00 5.182495117187500000e-01
1.000000000000000000e+00 1.870000000000000000e+02 4.282450256347656250e+02 1.002099670410156250e+03 6.966251831054687500e+02 -6.434936523437500000e-01 -8.325195312500000000e-01 3.509521484375000000e-01
1.000000000000000000e+00 2.100000000000000000e+02 4.279414062500000000e+02 1.001723449707031250e+03 6.967821655273437500e+02 -8.185424804687500000e-01 -9.686279296875000000e-01 3.996582031250000000e-01
1.000000000000000000e+00 2.700000000000000000e+01 4.274264831542968750e+02 1.001131042480468750e+03 6.970248413085937500e+02 -8.515319824218750000e-01 -1.008605957031250000e+00 4.143676757812500000e-01
1.000000000000000000e+00 1.210000000000000000e+02 4.270898742675781250e+02 1.000714843750000000e+03 6.971965332031250000e+02 -1.111389160156250000e+00 -9.601440429687500000e-01 3.673706054687500000e-01
1.000000000000000000e+00 6.700000000000000000e+01 4.263150939941406250e+02 1.000170898437500000e+03 6.973922119140625000e+02 -1.503906250000000000e+00 -1.082397460937500000e+00 3.920898437500000000e-01
1.000000000000000000e+00 2.140000000000000000e+02 4.255859680175781250e+02 9.996324462890625000e+02 6.975886230468750000e+02 -1.219879150390625000e+00 -8.743896484375000000e-01 3.159790039062500000e-01
1.000000000000000000e+00 1.300000000000000000e+01 4.250952148437500000e+02 9.992965087890625000e+02 6.977081909179687500e+02 -1.042633056640625000e+00 -6.973876953125000000e-01 2.462158203125000000e-01
1.000000000000000000e+00 1.090000000000000000e+02 4.245433349609375000e+02 9.989350585937500000e+02 6.978348388671875000e+02 -1.185516357421875000e+00 -7.572631835937500000e-01 2.631835937500000000e-01
1.000000000000000000e+00 4.900000000000000000e+01 4.239096984863281250e+02 9.985392456054687500e+02 6.979713745117187500e+02 -1.318054199218750000e+00 -8.009033203125000000e-01 2.737426757812500000e-01
1.000000000000000000e+00 1.640000000000000000e+02 4.232252807617187500e+02 9.981341552734375000e+02 6.981085815429687500e+02 -1.220794677734375000e+00 -6.978759765625000000e-01 2.337646484375000000e-01
1.000000000000000000e+00 1.720000000000000000e+02 4.226889038085937500e+02 9.978413696289062500e+02 6.982051391601562500e+02 -1.132934570312500000e+00 -6.110839843750000000e-01 2.005615234375000000e-01
1.000000000000000000e+00 7.700000000000000000e+01 4.220923461914062500e+02 9.975230712890625000e+02 6.983091430664062500e+02 -1.293304443359375000e+00 -6.766357421875000000e-01 2.193603515625000000e-01
1.000000000000000000e+00 1.800000000000000000e+02 4.213955993652343750e+02 9.971647338867187500e+02 6.984244995117187500e+02 -1.144439697265625000e+00 -5.816040039062500000e-01 1.862792968750000000e-01
1.000000000000000000e+00 2.250000000000000000e+02 4.209479064941406250e+02 9.969414672851562500e+02 6.984954223632812500e+02 -8.929748535156250000e-01 -4.409790039062500000e-01 1.393432617187500000e-01
1.000000000000000000e+00 1.600000000000000000e+02 4.205026245117187500e+02 9.967237548828125000e+02 6.985638427734375000e+02 -1.252166748046875000e+00 -6.043090820312500000e-01 1.882934570312500000e-01
1.000000000000000000e+00 0.000000000000000000e+00 4.196957397460937500e+02 9.963371582031250000e+02 6.986837158203125000e+02 -1.534942626953125000e+00 -7.291259765625000000e-01 2.242431640625000000e-01
1.000000000000000000e+00 1.460000000000000000e+02 4.189676818847656250e+02 9.959946289062500000e+02 6.987880859375000000e+02 -1.507904052734375000e+00 -7.054443359375000000e-01 2.131958007812500000e-01
1.000000000000000000e+00 2.500000000000000000e+01 4.181878356933593750e+02 9.956317138671875000e+02 6.988969116210937500e+02 -1.448608398437500000e+00 -6.677856445312500000e-01 1.970825195312500000e-01
1.000000000000000000e+00 1.270000000000000000e+02 4.175190734863281250e+02 9.953268432617187500e+02 6.989851684570312500e+02 -1.332855224609375000e+00 -6.068725585937500000e-01 1.737060546875000000e-01
1.000000000000000000e+00 1.370000000000000000e+02 4.168549804687500000e+02 9.950248413085937500e+02 6.990706176757812500e+02 -1.139587402343750000e+00 -5.177001953125000000e-01 1.449584960937500000e-01
1.000000000000000000e+00 1.480000000000000000e+02 4.163794860839843750e+02 9.948091430664062500e+02 6.991301269531250000e+02 -9.434509277343750000e-01 -4.274902343750000000e-01 1.165161132812500000e-01
1.000000000000000000e+00 4.400000000000000000e+01 4.159115295410156250e+02 9.945973510742187500e+02 6.991871337890625000e+02 -1.306610107421875000e+00 -5.901489257812500000e-01 1.547241210937500000e-01
1.000000000000000000e+00 2.000000000000000000e+00 4.150728759765625000e+02 9.942189941406250000e+02 6.992848510742187500e+02 -1.342773437500000000e+00 -6.040039062500000000e-01 1.528320312500000000e-01
1.000000000000000000e+00 1.940000000000000000e+02 4.145687561035156250e+02 9.939933471679687500e+02 6.993399658203125000e+02 -1.091430664062500000e+00 -4.846801757812500000e-01 1.143188476562500000e-01
1.000000000000000000e+00 3.800000000000000000e+01 4.139814453125000000e+02 9.937343139648437500e+02 6.993991699218750000e+02 -1.317382812500000000e+00 -5.731201171875000000e-01 1.248779296875000000e-01
1.000000000000000000e+00 5.200000000000000000e+01 4.132513732910156250e+02 9.934202270507812500e+02 6.994648437500000000e+02 -1.419097900390625000e+00 -6.020507812500000000e-01 1.209716796875000000e-01
1.000000000000000000e+00 8.700000000000000000e+01 4.125623474121093750e+02 9.931322631835937500e+02 6.995201416015625000e+02 -1.191558837890625000e+00 -4.908447265625000000e-01 9.118652343750000000e-02
1.000000000000000000e+00 2.450000000000000000e+02 4.120598144531250000e+02 9.929293823242187500e+02 6.995560302734375000e+02 -9.872131347656250000e-01 -3.925170898437500000e-01 6.726074218750000000e-02
1.000000000000000000e+00 1.180000000000000000e+02 4.115751342773437500e+02 9.927397460937500000e+02 6.995874023437500000e+02 -1.244354248046875000e+00 -4.723510742187500000e-01 7.397460937500000000e-02
1.000000000000000000e+00 9.700000000000000000e+01 4.108154602050781250e+02 9.924570312500000000e+02 6.996300048828125000e+02 -1.318115234375000000e+00 -4.798583984375000000e-01 6.970214843750000000e-02
1.000000000000000000e+00 1.490000000000000000e+02 4.102570190429687500e+02 9.922598876953125000e+02 6.996571044921875000e+02 -1.390502929687500000e+00 -4.760131835937500000e-01 6.250000000000000000e-02
1.000000000000000000e+00 6.900000000000000000e+01 4.094249572753906250e+02 9.919810180664062500e+02 6.996925048828125000e+02 -1.516998291015625000e+00 -4.967651367187500000e-01 6.109619140625000000e-02
1.000000000000000000e+00 1.260000000000000000e+02 4.087400207519531250e+02 9.917631225585937500e+02 6.997182006835937500e+02 -1.460540771484375000e+00 -4.192504882812500000e-01 4.357910156250000000e-02
1.000000000000000000e+00 1.850000000000000000e+02 4.079644165039062500e+02 9.915617675781250000e+02 6.997360839843750000e+02 -1.325073242187500000e+00 -3.317260742187500000e-01 2.789306640625000000e-02
1.000000000000000000e+00 8.100000000000000000e+01 4.074149475097656250e+02 9.914313964843750000e+02 6.997460937500000000e+02 -1.100982666015625000e+00 -2.513427734375000000e-01 1.831054687500000000e-02
1.000000000000000000e+00 2.270000000000000000e+02 4.068634338378906250e+02 9.913104248046875000e+02 6.997543945312500000e+02 -1.231475830078125000e+00 -2.506713867187500000e-01 1.531982421875000000e-02
1.000000000000000000e+00 9.800000000000000000e+01 4.061834716796875000e+02 9.911807250976562500e+02 6.997614135742187500e+02 -1.385284423828125000e+00 -2.266845703125000000e-01 8.911132812500000000e-03
1.000000000000000000e+00 1.160000000000000000e+02 4.054781494140625000e+02 9.910837402343750000e+02 6.997633056640625000e+02 -1.416809082031250000e+00 -1.567993164062500000e-01 -9.765625000000000000e-04
1.000000000000000000e+00 3.900000000000000000e+01 4.047666625976562500e+02 9.910239257812500000e+02 6.997604370117187500e+02 -1.215118408203125000e+00 -8.813476562500000000e-02 -6.896972656250000000e-03
1.000000000000000000e+00 1.000000000000000000e+02 4.042630310058593750e+02 9.909956054687500000e+02 6.997564086914062500e+02 -1.364715576171875000e+00 -5.078125000000000000e-02 -1.477050781250000000e-02
1.000000000000000000e+00 6.000000000000000000e+01 4.034019470214843750e+02 9.909731445312500000e+02 6.997456665039062500e+02 -1.404205322265625000e+00 2.929687500000000000e-03 -2.081298828125000000e-02
1.000000000000000000e+00 1.450000000000000000e+02 4.028588256835937500e+02 9.909985351562500000e+02 6.997355957031250000e+02 -1.069519042968750000e+00 9.918212890625000000e-02 -2.221679687500000000e-02
1.000000000000000000e+00 4.000000000000000000e+01 4.023324279785156250e+02 9.910723266601562500e+02 6.997234497070312500e+02 -1.014953613281250000e+00 3.652954101562500000e-01 -3.045654296875000000e-02
1.000000000000000000e+00 1.600000000000000000e+01 4.018438720703125000e+02 9.913638305664062500e+02 6.997051391601562500e+02 -1.072265625000000000e+00 7.083740234375000000e-01 -4.125976562500000000e-02
1.000000000000000000e+00 8.300000000000000000e+01 4.012601623535156250e+02 9.917807006835937500e+02 6.996821899414062500e+02 -1.034698486328125000e+00 7.295532226562500000e-01 -3.955078125000000000e-02
1.000000000000000000e+00 2.100000000000000000e+01 4.008091735839843750e+02 9.920933837890625000e+02 6.996655883789062500e+02 -9.517517089843750000e-01 6.480102539062500000e-01 -3.393554687500000000e-02
1.000000000000000000e+00 7.100000000000000000e+01 4.003084106445312500e+02 9.924287109375000000e+02 6.996482543945312500e+02 -9.416198730468750000e-01 6.547241210937500000e-01 -3.228759765625000000e-02
1.000000000000000000e+00 1.100000000000000000e+02 3.998675537109375000e+02 9.927481079101562500e+02 6.996333007812500000e+02 -8.594665527343750000e-01 6.461181640625000000e-01 -2.905273437500000000e-02
1.000000000000000000e+00 6.300000000000000000e+01 3.994489440917968750e+02 9.930748291015625000e+02 6.996192016601562500e+02 -1.037017822265625000e+00 8.373413085937500000e-01 -3.411865234375000000e-02
1.000000000000000000e+00 3.000000000000000000e+00 3.988305358886718750e+02 9.935854492187500000e+02 6.995991821289062500e+02 -1.166107177734375000e+00 9.756469726562500000e-01 -3.710937500000000000e-02
1.000000000000000000e+00 8.000000000000000000e+00 3.982828369140625000e+02 9.940504760742187500e+02 6.995820922851562500e+02 -9.584045410156250000e-01 8.369140625000000000e-01 -2.893066406250000000e-02
1.000000000000000000e+00 9.300000000000000000e+01 3.978721313476562500e+02 9.944223632812500000e+02 6.995702514648437500e+02 -8.750305175781250000e-01 8.196411132812500000e-01 -2.380371093750000000e-02
1.000000000000000000e+00 3.000000000000000000e+01 3.974078063964843750e+02 9.948701171875000000e+02 6.995582885742187500e+02 -8.550109863281250000e-01 8.366088867187500000e-01 -2.130126953125000000e-02
1.000000000000000000e+00 8.200000000000000000e+01 3.970171203613281250e+02 9.952589721679687500e+02 6.995489501953125000e+02 -7.677001953125000000e-01 7.799682617187500000e-01 -1.751708984375000000e-02
1.000000000000000000e+00 5.900000000000000000e+01 3.966401062011718750e+02 9.956500854492187500e+02 6.995407714843750000e+02 -9.619750976562500000e-01 1.011596679687500000e+00 -1.989746093750000000e-02
1.000000000000000000e+00 5.100000000000000000e+01 3.960551452636718750e+02 9.962705688476562500e+02 6.995290527343750000e+02 -9.785156250000000000e-01 1.055053710937500000e+00 -1.849365234375000000e-02
1.000000000000000000e+00 2.600000000000000000e+01 3.956615905761718750e+02 9.967051391601562500e+02 6.995222778320312500e+02 -1.044677734375000000e+00 1.181152343750000000e+00 -1.629638671875000000e-02
1.000000000000000000e+00 7.600000000000000000e+01 3.950104675292968750e+02 9.974517211914062500e+02 6.995127563476562500e+02 -1.064147949218750000e+00 1.238464355468750000e+00 -1.452636718750000000e-02
1.000000000000000000e+00 1.040000000000000000e+02 3.945974426269531250e+02 9.979436035156250000e+02 6.995077514648437500e+02 -1.005706787109375000e+00 1.222473144531250000e+00 -8.850097656250000000e-03
1.000000000000000000e+00 1.840000000000000000e+02 3.940047607421875000e+02 9.986741943359375000e+02 6.995039062500000000e+02 -9.438171386718750000e-01 1.182617187500000000e+00 -6.347656250000000000e-03
1.000000000000000000e+00 4.100000000000000000e+01 3.936536254882812500e+02 9.991262207031250000e+02 6.995014038085937500e+02 -7.046203613281250000e-01 9.683837890625000000e-01 -8.789062500000000000e-03
1.000000000000000000e+00 1.400000000000000000e+01 3.933001403808593750e+02 9.996425781250000000e+02 6.994951171875000000e+02 -6.588745117187500000e-01 9.670410156250000000e-01 -1.208496093750000000e-02
1.000000000000000000e+00 1.440000000000000000e+02 3.929947509765625000e+02 1.000093261718750000e+03 6.994893188476562500e+02 -6.379699707031250000e-01 9.423217773437500000e-01 -1.196289062500000000e-02
1.000000000000000000e+00 6.100000000000000000e+01 3.926621704101562500e+02 1.000584899902343750e+03 6.994831542968750000e+02 -6.238708496093750000e-01 9.096679687500000000e-01 -9.277343750000000000e-03
1.000000000000000000e+00 3.400000000000000000e+01 3.923708801269531250e+02 1.001002929687500000e+03 6.994800415039062500e+02 -6.361083984375000000e-01 8.846435546875000000e-01 -2.136230468750000000e-03
1.000000000000000000e+00 7.000000000000000000e+00 3.920260620117187500e+02 1.001469543457031250e+03 6.994810180664062500e+02 -8.090515136718750000e-01 9.331054687500000000e-01 2.722167968750000000e-02
1.000000000000000000e+00 8.800000000000000000e+01 3.915618286132812500e+02 1.001936035156250000e+03 6.995072631835937500e+02 -3.555908203125000000e-01 1.087585449218750000e+00 -9.545898437500000000e-02
1.000000000000000000e+00 1.310000000000000000e+02 3.916704711914062500e+02 1.002557128906250000e+03 6.993855590820312500e+02 -1.150512695312500000e-02 1.105102539062500000e+00 -1.743164062500000000e-01
1.000000000000000000e+00 2.610000000000000000e+02 3.915503234863281250e+02 1.003041137695312500e+03 6.993329467773437500e+02 -2.296447753906250000e-01 9.710693359375000000e-01 -1.095581054687500000e-01
1.000000000000000000e+00 4.800000000000000000e+01 3.914408264160156250e+02 1.003528198242187500e+03 6.992760009765625000e+02 -2.748413085937500000e-01 1.159729003906250000e+00 -1.361694335937500000e-01
1.000000000000000000e+00 1.580000000000000000e+02 3.912754821777343750e+02 1.004200866699218750e+03 6.991967773437500000e+02 -3.794860839843750000e-01 1.427551269531250000e+00 -1.654663085937500000e-01
1.000000000000000000e+00 2.170000000000000000e+02 3.910613403320312500e+02 1.004955749511718750e+03 6.991105346679687500e+02 -3.740844726562500000e-01 1.298034667968750000e+00 -1.498413085937500000e-01
1.000000000000000000e+00 5.000000000000000000e+01 3.909013977050781250e+02 1.005498901367187500e+03 6.990469360351562500e+02 -3.068237304687500000e-01 1.060852050781250000e+00 -1.292114257812500000e-01
1.000000000000000000e+00 1.060000000000000000e+02 3.907545166015625000e+02 1.006016601562500000e+03 6.989813232421875000e+02 -3.569641113281250000e-01 1.256713867187500000e+00 -1.614379882812500000e-01
1.000000000000000000e+00 2.330000000000000000e+02 3.905444335937500000e+02 1.006755615234375000e+03 6.988854980468750000e+02 -4.133605957031250000e-01 1.484924316406250000e+00 -1.964111328125000000e-01
1.000000000000000000e+00 1.880000000000000000e+02 3.903411560058593750e+02 1.007501525878906250e+03 6.987849121093750000e+02 -5.543823242187500000e-01 1.562927246093750000e+00 -2.069091796875000000e-01
1.000000000000000000e+00 1.130000000000000000e+02 3.899900512695312500e+02 1.008318542480468750e+03 6.986785888671875000e+02 -7.719726562500000000e-01 1.373474121093750000e+00 -1.657714843750000000e-01
1.000000000000000000e+00 1.300000000000000000e+02 3.895691833496093750e+02 1.008875000000000000e+03 6.986191406250000000e+02 4.208679199218750000e-01 -5.564575195312500000e-01 5.944824218750000000e-02