0.000000000000000000e+00 1.100000000000000000e+01 6.971005000000000000e+05 2.053072500000000000e+05 7.428873901367187500e+02 3.125000000000000000e-01 -6.250000000000000000e-02 4.448242187500000000e-01
0.000000000000000000e+00 1.090000000000000000e+02 6.971008125000000000e+05 2.053071875000000000e+05 7.433322143554687500e+02 8.125000000000000000e-01 -1.562500000000000000e-01 1.122314453125000000e+00
0.000000000000000000e+00 4.060000000000000000e+02 6.971013125000000000e+05 2.053070937500000000e+05 7.440097045898437500e+02 8.125000000000000000e-01 -1.562500000000000000e-01 1.184082031250000000e+00
0.000000000000000000e+00 1.660000000000000000e+02 6.971016250000000000e+05 2.053070312500000000e+05 7.445162963867187500e+02 5.625000000000000000e-01 -1.250000000000000000e-01 9.468383789062500000e-01
0.000000000000000000e+00 4.550000000000000000e+02 6.971018750000000000e+05 2.053069687500000000e+05 7.449565429687500000e+02 5.625000000000000000e-01 -1.093750000000000000e-01 8.373413085937500000e-01
0.000000000000000000e+00 2.160000000000000000e+02 6.971021875000000000e+05 2.053069218750000000e+05 7.453536376953125000e+02 8.750000000000000000e-01 -1.718750000000000000e-01 9.028930664062500000e-01
0.000000000000000000e+00 7.200000000000000000e+01 6.971027500000000000e+05 2.053067968750000000e+05 7.458594360351562500e+02 9.375000000000000000e-01 -2.031250000000000000e-01 8.835449218750000000e-01
0.000000000000000000e+00 1.950000000000000000e+02 6.971031250000000000e+05 2.053067187500000000e+05 7.462371826171875000e+02 7.500000000000000000e-01 -1.562500000000000000e-01 7.276000976562500000e-01
0.000000000000000000e+00 2.840000000000000000e+02 6.971035000000000000e+05 2.053066406250000000e+05 7.465870361328125000e+02 7.500000000000000000e-01 -1.562500000000000000e-01 7.323608398437500000e-01
0.000000000000000000e+00 4.800000000000000000e+01 6.971038750000000000e+05 2.053065625000000000e+05 7.469695434570312500e+02 8.125000000000000000e-01 -1.562500000000000000e-01 7.031860351562500000e-01
0.000000000000000000e+00 1.360000000000000000e+02 6.971043125000000000e+05 2.053064843750000000e+05 7.472902221679687500e+02 1.125000000000000000e+00 -2.031250000000000000e-01 7.165527343750000000e-01
0.000000000000000000e+00 1.800000000000000000e+01 6.971050000000000000e+05 2.053063593750000000e+05 7.476860961914062500e+02 1.437500000000000000e+00 -2.187500000000000000e-01 7.032470703125000000e-01
0.000000000000000000e+00 3.820000000000000000e+02 6.971057500000000000e+05 2.053062656250000000e+05 7.479934692382812500e+02 1.312500000000000000e+00 -1.406250000000000000e-01 5.120239257812500000e-01
0.000000000000000000e+00 1.790000000000000000e+02 6.971063125000000000e+05 2.053062187500000000e+05 7.481981201171875000e+02 1.125000000000000000e+00 -9.375000000000000000e-02 3.690185546875000000e-01
0.000000000000000000e+00 3.900000000000000000e+02 6.971068750000000000e+05 2.053061718750000000e+05 7.483624877929687500e+02 1.187500000000000000e+00 -4.687500000000000000e-02 3.194580078125000000e-01
0.000000000000000000e+00 1.260000000000000000e+02 6.971075000000000000e+05 2.053061718750000000e+05 7.485175781250000000e+02 1.187500000000000000e+00 6.250000000000000000e-02 2.656860351562500000e-01
0.000000000000000000e+00 3.260000000000000000e+02 6.971080625000000000e+05 2.053062343750000000e+05 7.486281738281250000e+02 1.062500000000000000e+00 1.875000000000000000e-01 1.984863281250000000e-01
0.000000000000000000e+00 3.180000000000000000e+02 6.971085625000000000e+05 2.053063593750000000e+05 7.487160644531250000e+02 9.375000000000000000e-01 3.593750000000000000e-01 1.487426757812500000e-01
0.000000000000000000e+00 5.400000000000000000e+01 6.971090000000000000e+05 2.053065937500000000e+05 7.487769165039062500e+02 9.375000000000000000e-01 9.218750000000000000e-01 7.843017578125000000e-02
0.000000000000000000e+00 8.300000000000000000e+01 6.971095000000000000e+05 2.053072812500000000e+05 7.487944946289062500e+02 5.000000000000000000e-01 1.640625000000000000e+00 -8.642578125000000000e-02
0.000000000000000000e+00 3.450000000000000000e+02 6.971095000000000000e+05 2.053082343750000000e+05 7.486904907226562500e+02 -6.250000000000000000e-02 1.687500000000000000e+00 -2.182617187500000000e-01
0.000000000000000000e+00 4.300000000000000000e+02 6.971094375000000000e+05 2.053089687500000000e+05 7.485762329101562500e+02 -2.500000000000000000e-01 1.453125000000000000e+00 -2.483520507812500000e-01
0.000000000000000000e+00 2.810000000000000000e+02 6.971092500000000000e+05 2.053096875000000000e+05 7.484421386718750000e+02 -3.125000000000000000e-01 1.234375000000000000e+00 -2.420043945312500000e-01
0.000000000000000000e+00 3.420000000000000000e+02 6.971091250000000000e+05 2.053102031250000000e+05 7.483342285156250000e+02 -3.125000000000000000e-01 1.406250000000000000e+00 -3.197021484375000000e-01
0.000000000000000000e+00 4.100000000000000000e+01 6.971089375000000000e+05 2.053110937500000000e+05 7.481224365234375000e+02 -3.125000000000000000e-01 1.734375000000000000e+00 -4.365844726562500000e-01
0.000000000000000000e+00 5.000000000000000000e+01 6.971088125000000000e+05 2.053119375000000000e+05 7.478976440429687500e+02 -2.500000000000000000e-01 1.390625000000000000e+00 -3.569335937500000000e-01
0.000000000000000000e+00 2.900000000000000000e+01 6.971086875000000000e+05 2.053124843750000000e+05 7.477655029296875000e+02 4.375000000000000000e-01 6.562500000000000000e-01 -2.183227539062500000e-01
0.000000000000000000e+00 2.470000000000000000e+02 6.971092500000000000e+05 2.053125937500000000e+05 7.476793212890625000e+02 1.062500000000000000e+00 2.187500000000000000e-01 -1.036376953125000000e-01
0.000000000000000000e+00 4.050000000000000000e+02 6.971097500000000000e+05 2.053127031250000000e+05 7.476618652343750000e+02 1.062500000000000000e+00 1.875000000000000000e-01 1.824951171875000000e-02
0.000000000000000000e+00 2.300000000000000000e+01 6.971103125000000000e+05 2.053127812500000000e+05 7.476975708007812500e+02 1.062500000000000000e+00 1.406250000000000000e-01 1.134643554687500000e-01
0.000000000000000000e+00 4.700000000000000000e+02 6.971108125000000000e+05 2.053128437500000000e+05 7.477753295898437500e+02 1.062500000000000000e+00 1.093750000000000000e-01 2.196655273437500000e-01
0.000000000000000000e+00 1.240000000000000000e+02 6.971113750000000000e+05 2.053128906250000000e+05 7.479172363281250000e+02 1.250000000000000000e+00 1.250000000000000000e-01 -1.379394531250000000e-02
0.000000000000000000e+00 3.960000000000000000e+02 6.971120625000000000e+05 2.053129687500000000e+05 7.477615356445312500e+02 8.125000000000000000e-01 6.250000000000000000e-02 3.921508789062500000e-01
0.000000000000000000e+00 1.280000000000000000e+02 6.971121875000000000e+05 2.053129531250000000e+05 7.483093872070312500e+02 3.750000000000000000e-01 3.125000000000000000e-02 1.035156250000000000e+00
0.000000000000000000e+00 8.200000000000000000e+01 6.971124375000000000e+05 2.053130000000000000e+05 7.487966918945312500e+02 4.375000000000000000e-01 1.562500000000000000e-01 1.286804199218750000e+00
0.000000000000000000e+00 1.780000000000000000e+02 6.971126250000000000e+05 2.053131093750000000e+05 7.495961914062500000e+02 3.750000000000000000e-01 2.968750000000000000e-01 1.744262695312500000e+00
0.000000000000000000e+00 1.740000000000000000e+02 6.971128125000000000e+05 2.053132968750000000e+05 7.505409545898437500e+02 -1.875000000000000000e-01 -1.875000000000000000e-01 -9.447631835937500000e-01
1.000000000000000000e+00 1.100000000000000000e+01 6.971005000000000000e+05 2.053072500000000000e+05 7.428873901367187500e+02 -8.750000000000000000e-01 2.656250000000000000e-01 3.480834960937500000e-01
1.000000000000000000e+00 8.000000000000000000e+00 6.970996250000000000e+05 2.053075156250000000e+05 7.432354736328125000e+02 -1.375000000000000000e+00 4.218750000000000000e-01 5.858764648437500000e-01
1.000000000000000000e+00 4.190000000000000000e+02 6.970991250000000000e+05 2.053076718750000000e+05 7.434732666015625000e+02 -1.062500000000000000e+00 3.125000000000000000e-01 5.065307617187500000e-01
1.000000000000000000e+00 3.750000000000000000e+02 6.970985625000000000e+05 2.053078281250000000e+05 7.437420043945312500e+02 -1.000000000000000000e+00 2.968750000000000000e-01 4.987182617187500000e-01
1.000000000000000000e+00 5.300000000000000000e+01 6.970981250000000000e+05 2.053079687500000000e+05 7.439719848632812500e+02 4.375000000000000000e-01 -1.406250000000000000e-01 -2.299804687500000000e-01
2.000000000000000000e+00 2.800000000000000000e+01 6.971061875000000000e+05 2.052673125000000000e+05 7.236887207031250000e+02 -6.875000000000000000e-01 7.656250000000000000e-01 2.434692382812500000e-01
2.000000000000000000e+00 2.200000000000000000e+01 6.971055000000000000e+05 2.052680781250000000e+05 7.239321899414062500e+02 -1.062500000000000000e+00 1.125000000000000000e+00 3.602294921875000000e-01
2.000000000000000000e+00 1.490000000000000000e+02 6.971051250000000000e+05 2.052684375000000000e+05 7.240489501953125000e+02 -6.875000000000000000e-01 7.656250000000000000e-01 2.427978515625000000e-01
2.000000000000000000e+00 3.400000000000000000e+01 6.971048125000000000e+05 2.052688437500000000e+05 7.241749877929687500e+02 -7.500000000000000000e-01 8.281250000000000000e-01 2.600708007812500000e-01
2.000000000000000000e+00 1.170000000000000000e+02 6.971043750000000000e+05 2.052692656250000000e+05 7.243090209960937500e+02 -9.375000000000000000e-01 1.000000000000000000e+00 3.110961914062500000e-01
2.000000000000000000e+00 2.410000000000000000e+02 6.971038750000000000e+05 2.052698437500000000e+05 7.244860839843750000e+02 -9.375000000000000000e-01 1.031250000000000000e+00 3.123168945312500000e-01
2.000000000000000000e+00 9.200000000000000000e+01 6.971034375000000000e+05 2.052702968750000000e+05 7.246213378906250000e+02 -8.750000000000000000e-01 9.375000000000000000e-01 2.870483398437500000e-01
2.000000000000000000e+00 1.930000000000000000e+02 6.971030000000000000e+05 2.052707812500000000e+05 7.247731323242187500e+02 -1.000000000000000000e+00 1.078125000000000000e+00 3.356323242187500000e-01
2.000000000000000000e+00 5.200000000000000000e+01 6.971024375000000000e+05 2.052713750000000000e+05 7.249569702148437500e+02 -1.250000000000000000e+00 1.265625000000000000e+00 3.959960937500000000e-01
2.000000000000000000e+00 2.500000000000000000e+01 6.971017500000000000e+05 2.052720468750000000e+05 7.251691284179687500e+02 -1.250000000000000000e+00 1.250000000000000000e+00 4.016113281250000000e-01
2.000000000000000000e+00 4.000000000000000000e+00 6.971011875000000000e+05 2.052726250000000000e+05 7.253585815429687500e+02 -1.187500000000000000e+00 1.296875000000000000e+00 4.203491210937500000e-01
2.000000000000000000e+00 5.000000000000000000e+00 6.971005625000000000e+05 2.052733437500000000e+05 7.255894775390625000e+02 -1.250000000000000000e+00 1.453125000000000000e+00 4.664916992187500000e-01
2.000000000000000000e+00 4.000000000000000000e+01 6.970999375000000000e+05 2.052740781250000000e+05 7.258250732421875000e+02 6.250000000000000000e-01 -7.343750000000000000e-01 -2.355957031250000000e-01
3.000000000000000000e+00 4.600000000000000000e+01 6.970850625000000000e+05 2.052771562500000000e+05 7.281660766601562500e+02 6.250000000000000000e-01 6.250000000000000000e-02 -6.036376953125000000e-02
3.000000000000000000e+00 3.060000000000000000e+02 6.970856875000000000e+05 2.052772187500000000e+05 7.281057128906250000e+02 1.187500000000000000e+00 -4.687500000000000000e-02 -1.624755859375000000e-01
3.000000000000000000e+00 1.140000000000000000e+02 6.970862500000000000e+05 2.052771093750000000e+05 7.280036010742187500e+02 1.062500000000000000e+00 -2.031250000000000000e-01 -1.907958984375000000e-01
3.000000000000000000e+00 2.850000000000000000e+02 6.970867500000000000e+05 2.052770156250000000e+05 7.279149169921875000e+02 1.312500000000000000e+00 -2.343750000000000000e-01 -2.182006835937500000e-01
3.000000000000000000e+00 1.020000000000000000e+02 6.970875625000000000e+05 2.052768750000000000e+05 7.277854003906250000e+02 1.437500000000000000e+00 -2.500000000000000000e-01 -2.309570312500000000e-01
3.000000000000000000e+00 1.030000000000000000e+02 6.970881875000000000e+05 2.052767656250000000e+05 7.276839599609375000e+02 1.187500000000000000e+00 -2.187500000000000000e-01 -1.958007812500000000e-01
3.000000000000000000e+00 2.610000000000000000e+02 6.970887500000000000e+05 2.052766562500000000e+05 7.275895996093750000e+02 1.187500000000000000e+00 -5.468750000000000000e-01 -3.015747070312500000e-01
3.000000000000000000e+00 1.390000000000000000e+02 6.970893750000000000e+05 2.052762187500000000e+05 7.273823852539062500e+02 1.250000000000000000e+00 -2.968750000000000000e-01 -2.153930664062500000e-01
3.000000000000000000e+00 6.400000000000000000e+01 6.970900000000000000e+05 2.052763593750000000e+05 7.273742065429687500e+02 1.187500000000000000e+00 -3.125000000000000000e-02 -1.166381835937500000e-01
3.000000000000000000e+00 1.670000000000000000e+02 6.970905625000000000e+05 2.052761875000000000e+05 7.272657470703125000e+02 1.062500000000000000e+00 -3.125000000000000000e-01 -1.983642578125000000e-01
3.000000000000000000e+00 3.100000000000000000e+02 6.970910625000000000e+05 2.052760468750000000e+05 7.271758422851562500e+02 1.062500000000000000e+00 -3.281250000000000000e-01 -2.052001953125000000e-01
3.000000000000000000e+00 1.310000000000000000e+02 6.970916250000000000e+05 2.052758593750000000e+05 7.270605468750000000e+02 1.187500000000000000e+00 -3.750000000000000000e-01 -2.325439453125000000e-01
3.000000000000000000e+00 2.710000000000000000e+02 6.970922500000000000e+05 2.052756718750000000e+05 7.269432983398437500e+02 1.375000000000000000e+00 -4.531250000000000000e-01 -2.666625976562500000e-01
3.000000000000000000e+00 2.090000000000000000e+02 6.970930000000000000e+05 2.052754062500000000e+05 7.267938842773437500e+02 1.250000000000000000e+00 -4.375000000000000000e-01 -2.467651367187500000e-01
3.000000000000000000e+00 3.430000000000000000e+02 6.970935000000000000e+05 2.052752343750000000e+05 7.266965332031250000e+02 1.000000000000000000e+00 -3.437500000000000000e-01 -1.960449218750000000e-01
3.000000000000000000e+00 4.900000000000000000e+01 6.970940000000000000e+05 2.052750625000000000e+05 7.265978393554687500e+02 1.062500000000000000e+00 -3.750000000000000000e-01 -2.110595703125000000e-01
3.000000000000000000e+00 8.400000000000000000e+01 6.970945625000000000e+05 2.052748593750000000e+05 7.264854736328125000e+02 1.250000000000000000e+00 -3.750000000000000000e-01 -2.200317382812500000e-01
3.000000000000000000e+00 3.390000000000000000e+02 6.970952500000000000e+05 2.052746875000000000e+05 7.263778076171875000e+02 1.500000000000000000e+00 -3.125000000000000000e-01 -2.149047851562500000e-01
3.000000000000000000e+00 1.570000000000000000e+02 6.970960625000000000e+05 2.052745468750000000e+05 7.262705688476562500e+02 1.750000000000000000e+00 -3.125000000000000000e-01 -2.337646484375000000e-01
3.000000000000000000e+00 1.980000000000000000e+02 6.970970000000000000e+05 2.052743750000000000e+05 7.261440429687500000e+02 1.437500000000000000e+00 -2.500000000000000000e-01 -1.920166015625000000e-01
3.000000000000000000e+00 4.500000000000000000e+02 6.970975000000000000e+05 2.052742968750000000e+05 7.260785522460937500e+02 1.000000000000000000e+00 -1.406250000000000000e-01 -1.209716796875000000e-01
3.000000000000000000e+00 1.400000000000000000e+01 6.970980000000000000e+05 2.052742343750000000e+05 7.260230712890625000e+02 1.062500000000000000e+00 -1.406250000000000000e-01 -1.227416992187500000e-01
3.000000000000000000e+00 3.340000000000000000e+02 6.970985625000000000e+05 2.052741562500000000e+05 7.259558105468750000e+02 1.187500000000000000e+00 -1.406250000000000000e-01 -1.320190429687500000e-01
3.000000000000000000e+00 2.170000000000000000e+02 6.970991875000000000e+05 2.052740937500000000e+05 7.258910522460937500e+02 1.375000000000000000e+00 -7.812500000000000000e-02 -1.307373046875000000e-01
3.000000000000000000e+00 4.000000000000000000e+01 6.970999375000000000e+05 2.052740781250000000e+05 7.258250732421875000e+02 -7.500000000000000000e-01 1.562500000000000000e-02 6.597900390625000000e-02
4.000000000000000000e+00 4.600000000000000000e+01 6.970850625000000000e+05 2.052771562500000000e+05 7.281660766601562500e+02 -1.250000000000000000e-01 -6.718750000000000000e-01 -1.432495117187500000e-01
4.000000000000000000e+00 2.800000000000000000e+02 6.970849375000000000e+05 2.052764843750000000e+05 7.280228271484375000e+02 -2.500000000000000000e-01 -1.203125000000000000e+00 -2.546997070312500000e-01
4.000000000000000000e+00 4.110000000000000000e+02 6.970848125000000000e+05 2.052759531250000000e+05 7.279113769531250000e+02 -1.875000000000000000e-01 -1.031250000000000000e+00 -2.182617187500000000e-01
4.000000000000000000e+00 2.860000000000000000e+02 6.970847500000000000e+05 2.052754531250000000e+05 7.278045654296875000e+02 6.250000000000000000e-02 5.000000000000000000e-01 1.068115234375000000e-01
5.000000000000000000e+00 9.300000000000000000e+01 6.970006875000000000e+05 2.053345468750000000e+05 7.599812011718750000e+02 -1.000000000000000000e+00 8.281250000000000000e-01 4.205932617187500000e-01
5.000000000000000000e+00 1.190000000000000000e+02 6.970011250000000000e+05 2.053340000000000000e+05 7.597256469726562500e+02 -4.375000000000000000e-01 5.468750000000000000e-01 2.555541992187500000e-01
5.000000000000000000e+00 2.490000000000000000e+02 6.970001250000000000e+05 2.053348281250000000e+05 7.601462402343750000e+02 -1.187500000000000000e+00 6.250000000000000000e-01 3.595581054687500000e-01
5.000000000000000000e+00 4.520000000000000000e+02 6.969995000000000000e+05 2.053351718750000000e+05 7.603407592773437500e+02 -1.312500000000000000e+00 7.187500000000000000e-01 4.167480468750000000e-01
5.000000000000000000e+00 4.640000000000000000e+02 6.969988125000000000e+05 2.053355468750000000e+05 7.605629882812500000e+02 -1.125000000000000000e+00 5.937500000000000000e-01 3.510131835937500000e-01
5.000000000000000000e+00 4.460000000000000000e+02 6.969983750000000000e+05 2.053357656250000000e+05 7.606917724609375000e+02 -8.750000000000000000e-01 4.375000000000000000e-01 2.595214843750000000e-01
5.000000000000000000e+00 4.920000000000000000e+02 6.969979375000000000e+05 2.053359843750000000e+05 7.608225097656250000e+02 -8.750000000000000000e-01 4.687500000000000000e-01 2.788085937500000000e-01
5.000000000000000000e+00 3.910000000000000000e+02 6.969975000000000000e+05 2.053362343750000000e+05 7.609705810546875000e+02 4.375000000000000000e-01 -2.500000000000000000e-01 -1.480712890625000000e-01
6.000000000000000000e+00 1.190000000000000000e+02 6.970011250000000000e+05 2.053340000000000000e+05 7.597256469726562500e+02 6.250000000000000000e-01 4.218750000000000000e-01 1.130981445312500000e-01
6.000000000000000000e+00 4.030000000000000000e+02 6.970017500000000000e+05 2.053344218750000000e+05 7.598387451171875000e+02 1.125000000000000000e+00 4.687500000000000000e-01 8.538818359375000000e-02
6.000000000000000000e+00 1.970000000000000000e+02 6.970022500000000000e+05 2.053344687500000000e+05 7.598110351562500000e+02 1.000000000000000000e+00 6.250000000000000000e-02 -6.109619140625000000e-02
6.000000000000000000e+00 4.320000000000000000e+02 6.970027500000000000e+05 2.053344843750000000e+05 7.597776489257812500e+02 1.062500000000000000e+00 0.000000000000000000e+00 -8.465576171875000000e-02
6.000000000000000000e+00 4.630000000000000000e+02 6.970033125000000000e+05 2.053344687500000000e+05 7.597263793945312500e+02 1.125000000000000000e+00 -4.687500000000000000e-02 -1.091918945312500000e-01
6.000000000000000000e+00 2.590000000000000000e+02 6.970038750000000000e+05 2.053344375000000000e+05 7.596684570312500000e+02 1.187500000000000000e+00 -1.093750000000000000e-01 -1.346435546875000000e-01
6.000000000000000000e+00 3.860000000000000000e+02 6.970045000000000000e+05 2.053343593750000000e+05 7.595917358398437500e+02 1.187500000000000000e+00 -2.031250000000000000e-01 -1.693725585937500000e-01
6.000000000000000000e+00 3.640000000000000000e+02 6.970050625000000000e+05 2.053342343750000000e+05 7.594990844726562500e+02 1.125000000000000000e+00 -2.812500000000000000e-01 -1.923217773437500000e-01
6.000000000000000000e+00 3.880000000000000000e+02 6.970056250000000000e+05 2.053340781250000000e+05 7.593994140625000000e+02 1.062500000000000000e+00 -3.750000000000000000e-01 -2.147827148437500000e-01
6.000000000000000000e+00 4.010000000000000000e+02 6.970061250000000000e+05 2.053338593750000000e+05 7.592843017578125000e+02 1.187500000000000000e+00 -5.625000000000000000e-01 -2.905273437500000000e-01
6.000000000000000000e+00 3.740000000000000000e+02 6.970068125000000000e+05 2.053335156250000000e+05 7.591088867187500000e+02 1.125000000000000000e+00 -6.093750000000000000e-01 -2.987060546875000000e-01
6.000000000000000000e+00 1.860000000000000000e+02 6.970072500000000000e+05 2.053332500000000000e+05 7.589855957031250000e+02 8.750000000000000000e-01 -5.000000000000000000e-01 -2.341308593750000000e-01
6.000000000000000000e+00 3.530000000000000000e+02 6.970076875000000000e+05 2.053330156250000000e+05 7.588747558593750000e+02 8.750000000000000000e-01 -5.000000000000000000e-01 -2.393188476562500000e-01
6.000000000000000000e+00 4.350000000000000000e+02 6.970081250000000000e+05 2.053327500000000000e+05 7.587462768554687500e+02 8.750000000000000000e-01 -5.312500000000000000e-01 -2.495727539062500000e-01
6.000000000000000000e+00 1.500000000000000000e+01 6.970085625000000000e+05 2.053324843750000000e+05 7.586251831054687500e+02 8.750000000000000000e-01 -5.781250000000000000e-01 -2.631835937500000000e-01
6.000000000000000000e+00 3.160000000000000000e+02 6.970090000000000000e+05 2.053321718750000000e+05 7.584830932617187500e+02 8.750000000000000000e-01 -5.781250000000000000e-01 -2.589721679687500000e-01
6.000000000000000000e+00 4.450000000000000000e+02 6.970094375000000000e+05 2.053319062500000000e+05 7.583662109375000000e+02 8.750000000000000000e-01 -5.937500000000000000e-01 -2.626342773437500000e-01
6.000000000000000000e+00 3.300000000000000000e+02 6.970098750000000000e+05 2.053315781250000000e+05 7.582204589843750000e+02 1.062500000000000000e+00 -7.968750000000000000e-01 -3.468627929687500000e-01
6.000000000000000000e+00 3.810000000000000000e+02 6.970105000000000000e+05 2.053311093750000000e+05 7.580193481445312500e+02 1.062500000000000000e+00 -7.656250000000000000e-01 -3.270874023437500000e-01
6.000000000000000000e+00 2.760000000000000000e+02 6.970109375000000000e+05 2.053308125000000000e+05 7.578933715820312500e+02 8.125000000000000000e-01 -6.250000000000000000e-01 -2.640380859375000000e-01
6.000000000000000000e+00 3.710000000000000000e+02 6.970113125000000000e+05 2.053304843750000000e+05 7.577553100585937500e+02 8.750000000000000000e-01 -7.031250000000000000e-01 -2.931518554687500000e-01
6.000000000000000000e+00 2.930000000000000000e+02 6.970118125000000000e+05 2.053301093750000000e+05 7.576002197265625000e+02 1.000000000000000000e+00 -7.656250000000000000e-01 -3.163452148437500000e-01
6.000000000000000000e+00 2.180000000000000000e+02 6.970123125000000000e+05 2.053297187500000000e+05 7.574389648437500000e+02 1.000000000000000000e+00 -8.125000000000000000e-01 -3.364257812500000000e-01
6.000000000000000000e+00 3.600000000000000000e+02 6.970128125000000000e+05 2.053292968750000000e+05 7.572637939453125000e+02 1.062500000000000000e+00 -8.906250000000000000e-01 -3.711547851562500000e-01
6.000000000000000000e+00 2.240000000000000000e+02 6.970133750000000000e+05 2.053288281250000000e+05 7.570678100585937500e+02 1.062500000000000000e+00 -9.062500000000000000e-01 -3.708496093750000000e-01
6.000000000000000000e+00 2.730000000000000000e+02 6.970138750000000000e+05 2.053283906250000000e+05 7.568929443359375000e+02 1.187500000000000000e+00 -1.078125000000000000e+00 -4.364624023437500000e-01
6.000000000000000000e+00 2.440000000000000000e+02 6.970145625000000000e+05 2.053277500000000000e+05 7.566313476562500000e+02 1.125000000000000000e+00 -1.078125000000000000e+00 -4.396972656250000000e-01
6.000000000000000000e+00 1.210000000000000000e+02 6.970150000000000000e+05 2.053273125000000000e+05 7.564532470703125000e+02 8.750000000000000000e-01 -9.375000000000000000e-01 -3.814086914062500000e-01
6.000000000000000000e+00 3.170000000000000000e+02 6.970154375000000000e+05 2.053268125000000000e+05 7.562499389648437500e+02 9.375000000000000000e-01 -1.093750000000000000e+00 -4.485473632812500000e-01
6.000000000000000000e+00 2.900000000000000000e+02 6.970159375000000000e+05 2.053262187500000000e+05 7.560046997070312500e+02 8.125000000000000000e-01 -9.687500000000000000e-01 -3.923950195312500000e-01
6.000000000000000000e+00 3.930000000000000000e+02 6.970162500000000000e+05 2.053258437500000000e+05 7.558575439453125000e+02 6.250000000000000000e-01 -8.281250000000000000e-01 -3.328247070312500000e-01
6.000000000000000000e+00 2.600000000000000000e+02 6.970165625000000000e+05 2.053253906250000000e+05 7.556718750000000000e+02 7.500000000000000000e-01 -1.093750000000000000e+00 -4.405517578125000000e-01
6.000000000000000000e+00 3.680000000000000000e+02 6.970170000000000000e+05 2.053247500000000000e+05 7.554169921875000000e+02 7.500000000000000000e-01 -1.218750000000000000e+00 -4.888305664062500000e-01
6.000000000000000000e+00 3.470000000000000000e+02 6.970173125000000000e+05 2.053241718750000000e+05 7.551830444335937500e+02 5.625000000000000000e-01 -1.000000000000000000e+00 -4.036865234375000000e-01
6.000000000000000000e+00 4.650000000000000000e+02 6.970175625000000000e+05 2.053237500000000000e+05 7.550133056640625000e+02 5.000000000000000000e-01 -8.750000000000000000e-01 -3.458251953125000000e-01
6.000000000000000000e+00 3.380000000000000000e+02 6.970178125000000000e+05 2.053232968750000000e+05 7.548372192382812500e+02 5.000000000000000000e-01 -9.687500000000000000e-01 -3.840332031250000000e-01
6.000000000000000000e+00 5.500000000000000000e+01 6.970180625000000000e+05 2.053227812500000000e+05 7.546292724609375000e+02 5.625000000000000000e-01 -1.109375000000000000e+00 -4.386596679687500000e-01
6.000000000000000000e+00 4.130000000000000000e+02 6.970183750000000000e+05 2.053221875000000000e+05 7.543985595703125000e+02 6.875000000000000000e-01 -1.234375000000000000e+00 -4.843750000000000000e-01
6.000000000000000000e+00 2.250000000000000000e+02 6.970187500000000000e+05 2.053215468750000000e+05 7.541448974609375000e+02 6.875000000000000000e-01 -1.265625000000000000e+00 -5.007934570312500000e-01
6.000000000000000000e+00 3.100000000000000000e+01 6.970190625000000000e+05 2.053209218750000000e+05 7.538977661132812500e+02 7.500000000000000000e-01 -1.390625000000000000e+00 -5.559692382812500000e-01
6.000000000000000000e+00 2.420000000000000000e+02 6.970195000000000000e+05 2.053201562500000000e+05 7.535889282226562500e+02 6.875000000000000000e-01 -1.203125000000000000e+00 -4.830322265625000000e-01
6.000000000000000000e+00 3.000000000000000000e+01 6.970197500000000000e+05 2.053197187500000000e+05 7.534147338867187500e+02 6.250000000000000000e-01 -1.109375000000000000e+00 -4.437866210937500000e-01
6.000000000000000000e+00 4.160000000000000000e+02 6.970201250000000000e+05 2.053190468750000000e+05 7.531451416015625000e+02 6.250000000000000000e-01 -1.078125000000000000e+00 -4.380493164062500000e-01
6.000000000000000000e+00 1.940000000000000000e+02 6.970203750000000000e+05 2.053186406250000000e+05 7.529766845703125000e+02 5.625000000000000000e-01 -9.531250000000000000e-01 -3.912353515625000000e-01
6.000000000000000000e+00 2.060000000000000000e+02 6.970206875000000000e+05 2.053180937500000000e+05 7.527539062500000000e+02 5.625000000000000000e-01 -9.531250000000000000e-01 -3.827514648437500000e-01
6.000000000000000000e+00 3.890000000000000000e+02 6.970209375000000000e+05 2.053176875000000000e+05 7.525939331054687500e+02 5.000000000000000000e-01 -8.281250000000000000e-01 -3.322753906250000000e-01
6.000000000000000000e+00 1.610000000000000000e+02 6.970211875000000000e+05 2.053172656250000000e+05 7.524216308593750000e+02 5.000000000000000000e-01 -8.750000000000000000e-01 -3.560791015625000000e-01
6.000000000000000000e+00 2.640000000000000000e+02 6.970214375000000000e+05 2.053168125000000000e+05 7.522378540039062500e+02 6.875000000000000000e-01 -1.109375000000000000e+00 -4.442749023437500000e-01
6.000000000000000000e+00 2.230000000000000000e+02 6.970218750000000000e+05 2.053161562500000000e+05 7.519773559570312500e+02 7.500000000000000000e-01 -1.125000000000000000e+00 -4.456176757812500000e-01
6.000000000000000000e+00 2.000000000000000000e+02 6.970221875000000000e+05 2.053156875000000000e+05 7.517922363281250000e+02 6.250000000000000000e-01 -9.062500000000000000e-01 -3.598022460937500000e-01
6.000000000000000000e+00 2.690000000000000000e+02 6.970225000000000000e+05 2.053152500000000000e+05 7.516175537109375000e+02 6.250000000000000000e-01 -9.062500000000000000e-01 -3.609008789062500000e-01
6.000000000000000000e+00 4.390000000000000000e+02 6.970228125000000000e+05 2.053147812500000000e+05 7.514313354492187500e+02 6.875000000000000000e-01 -9.843750000000000000e-01 -3.966674804687500000e-01
6.000000000000000000e+00 8.100000000000000000e+01 6.970231875000000000e+05 2.053142656250000000e+05 7.512208862304687500e+02 6.875000000000000000e-01 -9.531250000000000000e-01 -3.812866210937500000e-01
6.000000000000000000e+00 2.040000000000000000e+02 6.970235000000000000e+05 2.053138281250000000e+05 7.510500488281250000e+02 7.500000000000000000e-01 -1.046875000000000000e+00 -4.185180664062500000e-01
6.000000000000000000e+00 2.100000000000000000e+01 6.970239375000000000e+05 2.053132187500000000e+05 7.508023681640625000e+02 8.125000000000000000e-01 -1.062500000000000000e+00 -4.282226562500000000e-01
6.000000000000000000e+00 2.910000000000000000e+02 6.970243125000000000e+05 2.053127656250000000e+05 7.506218261718750000e+02 7.500000000000000000e-01 -1.000000000000000000e+00 -3.998413085937500000e-01
6.000000000000000000e+00 3.730000000000000000e+02 6.970246875000000000e+05 2.053122187500000000e+05 7.504025268554687500e+02 7.500000000000000000e-01 -1.156250000000000000e+00 -4.675292968750000000e-01
6.000000000000000000e+00 2.770000000000000000e+02 6.970250625000000000e+05 2.053116093750000000e+05 7.501542968750000000e+02 6.875000000000000000e-01 -1.000000000000000000e+00 -4.091186523437500000e-01
6.000000000000000000e+00 4.370000000000000000e+02 6.970253750000000000e+05 2.053112187500000000e+05 7.499934082031250000e+02 5.625000000000000000e-01 -8.281250000000000000e-01 -3.343505859375000000e-01
6.000000000000000000e+00 2.630000000000000000e+02 6.970256250000000000e+05 2.053107812500000000e+05 7.498199462890625000e+02 6.875000000000000000e-01 -1.031250000000000000e+00 -4.160156250000000000e-01
6.000000000000000000e+00 3.550000000000000000e+02 6.970260625000000000e+05 2.053101875000000000e+05 7.495773925781250000e+02 6.875000000000000000e-01 -1.015625000000000000e+00 -4.115600585937500000e-01
6.000000000000000000e+00 4.360000000000000000e+02 6.970263125000000000e+05 2.053097656250000000e+05 7.494083862304687500e+02 5.625000000000000000e-01 -8.281250000000000000e-01 -3.348388671875000000e-01
6.000000000000000000e+00 3.800000000000000000e+02 6.970266250000000000e+05 2.053093593750000000e+05 7.492425537109375000e+02 7.500000000000000000e-01 -1.062500000000000000e+00 -4.340209960937500000e-01
6.000000000000000000e+00 3.330000000000000000e+02 6.970270625000000000e+05 2.053087031250000000e+05 7.489743652343750000e+02 8.750000000000000000e-01 -1.265625000000000000e+00 -5.123291015625000000e-01
6.000000000000000000e+00 1.330000000000000000e+02 6.970275000000000000e+05 2.053080937500000000e+05 7.487302246093750000e+02 6.875000000000000000e-01 -1.015625000000000000e+00 -4.074707031250000000e-01
6.000000000000000000e+00 4.730000000000000000e+02 6.970277500000000000e+05 2.053076875000000000e+05 7.485668945312500000e+02 5.625000000000000000e-01 -7.812500000000000000e-01 -3.143310546875000000e-01
6.000000000000000000e+00 5.600000000000000000e+01 6.970280625000000000e+05 2.053073125000000000e+05 7.484158935546875000e+02 5.625000000000000000e-01 -7.968750000000000000e-01 -3.195800781250000000e-01
6.000000000000000000e+00 4.180000000000000000e+02 6.970283125000000000e+05 2.053068906250000000e+05 7.482473144531250000e+02 5.625000000000000000e-01 -8.125000000000000000e-01 -3.279418945312500000e-01
6.000000000000000000e+00 2.140000000000000000e+02 6.970286250000000000e+05 2.053065000000000000e+05 7.480879516601562500e+02 6.875000000000000000e-01 -9.375000000000000000e-01 -3.823242187500000000e-01
6.000000000000000000e+00 3.620000000000000000e+02 6.970290000000000000e+05 2.053059531250000000e+05 7.478649902343750000e+02 7.500000000000000000e-01 -1.046875000000000000e+00 -4.270019531250000000e-01
6.000000000000000000e+00 1.590000000000000000e+02 6.970293750000000000e+05 2.053054531250000000e+05 7.476609497070312500e+02 7.500000000000000000e-01 -9.687500000000000000e-01 -3.919067382812500000e-01
6.000000000000000000e+00 3.760000000000000000e+02 6.970297500000000000e+05 2.053049843750000000e+05 7.474730834960937500e+02 9.375000000000000000e-01 -1.156250000000000000e+00 -4.749145507812500000e-01
6.000000000000000000e+00 8.000000000000000000e+01 6.970303125000000000e+05 2.053042968750000000e+05 7.471860351562500000e+02 8.750000000000000000e-01 -1.078125000000000000e+00 -4.439086914062500000e-01
6.000000000000000000e+00 2.650000000000000000e+02 6.970306250000000000e+05 2.053039062500000000e+05 7.470291748046875000e+02 8.125000000000000000e-01 -8.593750000000000000e-01 -3.568115234375000000e-01
6.000000000000000000e+00 4.560000000000000000e+02 6.970311250000000000e+05 2.053034375000000000e+05 7.468292236328125000e+02 1.000000000000000000e+00 -9.843750000000000000e-01 -4.176025390625000000e-01
6.000000000000000000e+00 3.200000000000000000e+02 6.970316250000000000e+05 2.053029218750000000e+05 7.466115722656250000e+02 1.187500000000000000e+00 -1.078125000000000000e+00 -4.526367187500000000e-01
6.000000000000000000e+00 4.500000000000000000e+01 6.970323125000000000e+05 2.053023593750000000e+05 7.463765869140625000e+02 1.250000000000000000e+00 -9.531250000000000000e-01 -4.066772460937500000e-01
6.000000000000000000e+00 2.050000000000000000e+02 6.970328750000000000e+05 2.053019687500000000e+05 7.462048950195312500e+02 1.000000000000000000e+00 -6.406250000000000000e-01 -2.854614257812500000e-01
6.000000000000000000e+00 4.170000000000000000e+02 6.970333125000000000e+05 2.053017187500000000e+05 7.460911254882812500e+02 1.250000000000000000e+00 -7.500000000000000000e-01 -3.322753906250000000e-01
6.000000000000000000e+00 6.900000000000000000e+01 6.970341250000000000e+05 2.053012187500000000e+05 7.458726196289062500e+02 1.312500000000000000e+00 -6.875000000000000000e-01 -3.136596679687500000e-01
6.000000000000000000e+00 2.820000000000000000e+02 6.970346250000000000e+05 2.053010312500000000e+05 7.457774658203125000e+02 1.375000000000000000e+00 -5.156250000000000000e-01 -2.467651367187500000e-01
6.000000000000000000e+00 4.120000000000000000e+02 6.970355000000000000e+05 2.053007031250000000e+05 7.456258544921875000e+02 1.375000000000000000e+00 -4.843750000000000000e-01 -2.290039062500000000e-01
6.000000000000000000e+00 1.470000000000000000e+02 6.970360000000000000e+05 2.053005468750000000e+05 7.455484619140625000e+02 1.250000000000000000e+00 -3.906250000000000000e-01 -1.924438476562500000e-01
6.000000000000000000e+00 2.370000000000000000e+02 6.970367500000000000e+05 2.053003125000000000e+05 7.454334106445312500e+02 1.375000000000000000e+00 -4.375000000000000000e-01 -2.138671875000000000e-01
6.000000000000000000e+00 2.950000000000000000e+02 6.970373750000000000e+05 2.053001093750000000e+05 7.453345947265625000e+02 1.437500000000000000e+00 -4.531250000000000000e-01 -2.314453125000000000e-01
6.000000000000000000e+00 3.080000000000000000e+02 6.970381875000000000e+05 2.052998593750000000e+05 7.452019653320312500e+02 1.750000000000000000e+00 -5.625000000000000000e-01 -2.907104492187500000e-01
6.000000000000000000e+00 2.450000000000000000e+02 6.970391250000000000e+05 2.052995468750000000e+05 7.450438842773437500e+02 1.750000000000000000e+00 -6.093750000000000000e-01 -3.176269531250000000e-01
6.000000000000000000e+00 1.640000000000000000e+02 6.970399375000000000e+05 2.052992500000000000e+05 7.448843383789062500e+02 1.437500000000000000e+00 -5.156250000000000000e-01 -2.911376953125000000e-01
6.000000000000000000e+00 4.200000000000000000e+01 6.970405625000000000e+05 2.052990312500000000e+05 7.447527465820312500e+02 1.562500000000000000e+00 -5.781250000000000000e-01 -3.626098632812500000e-01
6.000000000000000000e+00 4.140000000000000000e+02 6.970415000000000000e+05 2.052986718750000000e+05 7.445217285156250000e+02 1.562500000000000000e+00 -6.093750000000000000e-01 -3.923950195312500000e-01
6.000000000000000000e+00 3.070000000000000000e+02 6.970421250000000000e+05 2.052984218750000000e+05 7.443603515625000000e+02 1.500000000000000000e+00 -6.250000000000000000e-01 -4.118652343750000000e-01
6.000000000000000000e+00 8.600000000000000000e+01 6.970430000000000000e+05 2.052980468750000000e+05 7.441098632812500000e+02 1.687500000000000000e+00 -7.187500000000000000e-01 -4.814453125000000000e-01
6.000000000000000000e+00 3.300000000000000000e+01 6.970438125000000000e+05 2.052977031250000000e+05 7.438789062500000000e+02 1.250000000000000000e+00 -5.468750000000000000e-01 -3.649902343750000000e-01
6.000000000000000000e+00 4.600000000000000000e+02 6.970442500000000000e+05 2.052975000000000000e+05 7.437448730468750000e+02 8.750000000000000000e-01 -4.218750000000000000e-01 -2.650146484375000000e-01
6.000000000000000000e+00 1.200000000000000000e+01 6.970446875000000000e+05 2.052972812500000000e+05 7.436138916015625000e+02 9.375000000000000000e-01 -4.687500000000000000e-01 -2.966308593750000000e-01
6.000000000000000000e+00 7.000000000000000000e+00 6.970451875000000000e+05 2.052970312500000000e+05 7.434482421875000000e+02 1.062500000000000000e+00 -5.625000000000000000e-01 -3.535156250000000000e-01
6.000000000000000000e+00 1.810000000000000000e+02 6.970457500000000000e+05 2.052967187500000000e+05 7.432603759765625000e+02 1.125000000000000000e+00 -7.187500000000000000e-01 -4.330444335937500000e-01
6.000000000000000000e+00 4.300000000000000000e+01 6.970463125000000000e+05 2.052963125000000000e+05 7.430151977539062500e+02 1.250000000000000000e+00 -9.531250000000000000e-01 -5.654296875000000000e-01
6.000000000000000000e+00 3.560000000000000000e+02 6.970470000000000000e+05 2.052957656250000000e+05 7.426949462890625000e+02 1.062500000000000000e+00 -8.906250000000000000e-01 -5.175170898437500000e-01
6.000000000000000000e+00 9.900000000000000000e+01 6.970473750000000000e+05 2.052954218750000000e+05 7.424976806640625000e+02 1.000000000000000000e+00 -9.375000000000000000e-01 -5.232543945312500000e-01
6.000000000000000000e+00 2.340000000000000000e+02 6.970480000000000000e+05 2.052948281250000000e+05 7.421716918945312500e+02 1.250000000000000000e+00 -1.234375000000000000e+00 -6.728515625000000000e-01
6.000000000000000000e+00 1.040000000000000000e+02 6.970486250000000000e+05 2.052941875000000000e+05 7.418248291015625000e+02 1.062500000000000000e+00 -1.109375000000000000e+00 -5.865478515625000000e-01
6.000000000000000000e+00 4.280000000000000000e+02 6.970490625000000000e+05 2.052937187500000000e+05 7.415851440429687500e+02 7.500000000000000000e-01 -8.593750000000000000e-01 -4.425048828125000000e-01
6.000000000000000000e+00 2.210000000000000000e+02 6.970493750000000000e+05 2.052933281250000000e+05 7.413823242187500000e+02 6.250000000000000000e-01 -7.968750000000000000e-01 -4.061279296875000000e-01
6.000000000000000000e+00 3.980000000000000000e+02 6.970496875000000000e+05 2.052929218750000000e+05 7.411790161132812500e+02 8.750000000000000000e-01 -1.093750000000000000e+00 -5.457763671875000000e-01
6.000000000000000000e+00 3.140000000000000000e+02 6.970502500000000000e+05 2.052922343750000000e+05 7.408365478515625000e+02 8.125000000000000000e-01 -1.109375000000000000e+00 -5.445556640625000000e-01
6.000000000000000000e+00 4.570000000000000000e+02 6.970505000000000000e+05 2.052918125000000000e+05 7.406344604492187500e+02 5.625000000000000000e-01 -7.968750000000000000e-01 -3.870849609375000000e-01
6.000000000000000000e+00 1.250000000000000000e+02 6.970508125000000000e+05 2.052914375000000000e+05 7.404494628906250000e+02 5.625000000000000000e-01 -7.812500000000000000e-01 -3.713378906250000000e-01
6.000000000000000000e+00 4.410000000000000000e+02 6.970510625000000000e+05 2.052910312500000000e+05 7.402631225585937500e+02 5.000000000000000000e-01 -8.281250000000000000e-01 -3.907470703125000000e-01
6.000000000000000000e+00 2.110000000000000000e+02 6.970513125000000000e+05 2.052906093750000000e+05 7.400587158203125000e+02 5.000000000000000000e-01 -8.437500000000000000e-01 -3.950805664062500000e-01
6.000000000000000000e+00 4.670000000000000000e+02 6.970515625000000000e+05 2.052901875000000000e+05 7.398680419921875000e+02 5.000000000000000000e-01 -8.281250000000000000e-01 -3.883056640625000000e-01
6.000000000000000000e+00 1.530000000000000000e+02 6.970518125000000000e+05 2.052897812500000000e+05 7.396704101562500000e+02 8.125000000000000000e-01 -1.140625000000000000e+00 -5.654907226562500000e-01
6.000000000000000000e+00 2.960000000000000000e+02 6.970523750000000000e+05 2.052890468750000000e+05 7.393025512695312500e+02 1.125000000000000000e+00 -1.312500000000000000e+00 -6.840209960937500000e-01
6.000000000000000000e+00 3.110000000000000000e+02 6.970529375000000000e+05 2.052884687500000000e+05 7.389863891601562500e+02 8.750000000000000000e-01 -9.218750000000000000e-01 -5.112304687500000000e-01
6.000000000000000000e+00 1.370000000000000000e+02 6.970532500000000000e+05 2.052881250000000000e+05 7.387913208007812500e+02 1.000000000000000000e+00 -8.593750000000000000e-01 -5.260009765625000000e-01
6.000000000000000000e+00 3.200000000000000000e+01 6.970539375000000000e+05 2.052876093750000000e+05 7.384603881835937500e+02 1.250000000000000000e+00 -7.656250000000000000e-01 -5.621948242187500000e-01
6.000000000000000000e+00 3.600000000000000000e+01 6.970545000000000000e+05 2.052873593750000000e+05 7.382291259765625000e+02 1.125000000000000000e+00 -1.562500000000000000e-01 -3.501586914062500000e-01
6.000000000000000000e+00 1.690000000000000000e+02 6.970550625000000000e+05 2.052874531250000000e+05 7.381102294921875000e+02 1.437500000000000000e+00 3.437500000000000000e-01 -3.001098632812500000e-01
6.000000000000000000e+00 6.100000000000000000e+01 6.970559375000000000e+05 2.052877031250000000e+05 7.379290161132812500e+02 1.750000000000000000e+00 5.781250000000000000e-01 -3.303833007812500000e-01
6.000000000000000000e+00 1.000000000000000000e+02 6.970568125000000000e+05 2.052880312500000000e+05 7.377798461914062500e+02 1.687500000000000000e+00 6.875000000000000000e-01 -2.882690429687500000e-01
6.000000000000000000e+00 1.850000000000000000e+02 6.970576250000000000e+05 2.052883906250000000e+05 7.376407470703125000e+02 1.375000000000000000e+00 6.093750000000000000e-01 -2.304687500000000000e-01
6.000000000000000000e+00 1.540000000000000000e+02 6.970581875000000000e+05 2.052886406250000000e+05 7.375493774414062500e+02 1.125000000000000000e+00 5.312500000000000000e-01 -1.966552734375000000e-01
6.000000000000000000e+00 2.570000000000000000e+02 6.970587500000000000e+05 2.052889218750000000e+05 7.374440917968750000e+02 1.125000000000000000e+00 5.312500000000000000e-01 -2.276611328125000000e-01
6.000000000000000000e+00 1.880000000000000000e+02 6.970593125000000000e+05 2.052891718750000000e+05 7.373217163085937500e+02 1.062500000000000000e+00 4.062500000000000000e-01 -2.553710937500000000e-01
6.000000000000000000e+00 4.330000000000000000e+02 6.970598125000000000e+05 2.052893281250000000e+05 7.371887207031250000e+02 1.000000000000000000e+00 2.812500000000000000e-01 -3.088378906250000000e-01
6.000000000000000000e+00 2.220000000000000000e+02 6.970603125000000000e+05 2.052894531250000000e+05 7.370128784179687500e+02 1.250000000000000000e+00 1.718750000000000000e-01 -4.463500976562500000e-01
6.000000000000000000e+00 9.400000000000000000e+01 6.970610625000000000e+05 2.052895000000000000e+05 7.367423706054687500e+02 1.312500000000000000e+00 3.125000000000000000e-02 -4.956054687500000000e-01
6.000000000000000000e+00 2.780000000000000000e+02 6.970616250000000000e+05 2.052894843750000000e+05 7.365172729492187500e+02 1.187500000000000000e+00 -7.812500000000000000e-02 -4.860229492187500000e-01
6.000000000000000000e+00 3.940000000000000000e+02 6.970622500000000000e+05 2.052894218750000000e+05 7.362563476562500000e+02 1.500000000000000000e+00 -2.343750000000000000e-01 -6.686401367187500000e-01
6.000000000000000000e+00 2.030000000000000000e+02 6.970631250000000000e+05 2.052892500000000000e+05 7.358486328125000000e+02 1.687500000000000000e+00 -4.218750000000000000e-01 -7.896118164062500000e-01
6.000000000000000000e+00 1.960000000000000000e+02 6.970639375000000000e+05 2.052890000000000000e+05 7.354667358398437500e+02 1.437500000000000000e+00 -4.843750000000000000e-01 -6.770629882812500000e-01
6.000000000000000000e+00 4.700000000000000000e+01 6.970645625000000000e+05 2.052887656250000000e+05 7.351715698242187500e+02 1.062500000000000000e+00 -4.062500000000000000e-01 -4.937133789062500000e-01
6.000000000000000000e+00 3.290000000000000000e+02 6.970650000000000000e+05 2.052885937500000000e+05 7.349730224609375000e+02 1.125000000000000000e+00 -4.375000000000000000e-01 -5.010375976562500000e-01
6.000000000000000000e+00 1.710000000000000000e+02 6.970656875000000000e+05 2.052883281250000000e+05 7.346705322265625000e+02 1.375000000000000000e+00 -5.625000000000000000e-01 -6.110839843750000000e-01
6.000000000000000000e+00 3.270000000000000000e+02 6.970663750000000000e+05 2.052880312500000000e+05 7.343619384765625000e+02 1.125000000000000000e+00 -4.843750000000000000e-01 -4.923706054687500000e-01
6.000000000000000000e+00 3.000000000000000000e+02 6.970668125000000000e+05 2.052878437500000000e+05 7.341781616210937500e+02 8.750000000000000000e-01 -3.750000000000000000e-01 -3.632812500000000000e-01
6.000000000000000000e+00 1.990000000000000000e+02 6.970672500000000000e+05 2.052876562500000000e+05 7.339986572265625000e+02 1.250000000000000000e+00 -5.000000000000000000e-01 -4.879150390625000000e-01
6.000000000000000000e+00 2.200000000000000000e+02 6.970680625000000000e+05 2.052873437500000000e+05 7.336902465820312500e+02 1.250000000000000000e+00 -5.156250000000000000e-01 -4.864501953125000000e-01
6.000000000000000000e+00 3.510000000000000000e+02 6.970685000000000000e+05 2.052871406250000000e+05 7.335122070312500000e+02 1.125000000000000000e+00 -4.843750000000000000e-01 -4.158935546875000000e-01
6.000000000000000000e+00 2.500000000000000000e+02 6.970691875000000000e+05 2.052868593750000000e+05 7.332743530273437500e+02 1.500000000000000000e+00 -6.093750000000000000e-01 -4.973754882812500000e-01
6.000000000000000000e+00 2.310000000000000000e+02 6.970700000000000000e+05 2.052865312500000000e+05 7.330148315429687500e+02 1.312500000000000000e+00 -5.312500000000000000e-01 -4.077148437500000000e-01
6.000000000000000000e+00 3.540000000000000000e+02 6.970705000000000000e+05 2.052863281250000000e+05 7.328666381835937500e+02 1.000000000000000000e+00 -3.750000000000000000e-01 -2.814941406250000000e-01
6.000000000000000000e+00 9.800000000000000000e+01 6.970710000000000000e+05 2.052861562500000000e+05 7.327333374023437500e+02 1.125000000000000000e+00 -4.062500000000000000e-01 -3.054199218750000000e-01
6.000000000000000000e+00 1.110000000000000000e+02 6.970716250000000000e+05 2.052859218750000000e+05 7.325612182617187500e+02 1.312500000000000000e+00 -4.843750000000000000e-01 -3.611450195312500000e-01
6.000000000000000000e+00 1.510000000000000000e+02 6.970723125000000000e+05 2.052856718750000000e+05 7.323721923828125000e+02 1.250000000000000000e+00 -4.531250000000000000e-01 -3.278198242187500000e-01
6.000000000000000000e+00 3.700000000000000000e+02 6.970728750000000000e+05 2.052854687500000000e+05 7.322333984375000000e+02 1.250000000000000000e+00 -4.218750000000000000e-01 -3.079223632812500000e-01
6.000000000000000000e+00 1.070000000000000000e+02 6.970735625000000000e+05 2.052852500000000000e+05 7.320642700195312500e+02 1.250000000000000000e+00 -4.218750000000000000e-01 -3.143920898437500000e-01
6.000000000000000000e+00 2.010000000000000000e+02 6.970741250000000000e+05 2.052850468750000000e+05 7.319190063476562500e+02 1.437500000000000000e+00 -5.312500000000000000e-01 -3.780517578125000000e-01
6.000000000000000000e+00 2.120000000000000000e+02 6.970750000000000000e+05 2.052847187500000000e+05 7.316862182617187500e+02 1.562500000000000000e+00 -5.937500000000000000e-01 -4.118652343750000000e-01
6.000000000000000000e+00 2.550000000000000000e+02 6.970756875000000000e+05 2.052844531250000000e+05 7.315071411132812500e+02 1.250000000000000000e+00 -5.625000000000000000e-01 -3.587646484375000000e-01
6.000000000000000000e+00 1.840000000000000000e+02 6.970762500000000000e+05 2.052841562500000000e+05 7.313274536132812500e+02 1.062500000000000000e+00 -5.625000000000000000e-01 -3.305053710937500000e-01
6.000000000000000000e+00 1.620000000000000000e+02 6.970767500000000000e+05 2.052838906250000000e+05 7.311766357421875000e+02 9.375000000000000000e-01 -5.000000000000000000e-01 -2.841796875000000000e-01
6.000000000000000000e+00 1.060000000000000000e+02 6.970771875000000000e+05 2.052836562500000000e+05 7.310432739257812500e+02 8.750000000000000000e-01 -5.156250000000000000e-01 -2.832031250000000000e-01
6.000000000000000000e+00 1.700000000000000000e+02 6.970776250000000000e+05 2.052833750000000000e+05 7.308934326171875000e+02 8.750000000000000000e-01 -5.625000000000000000e-01 -2.913208007812500000e-01
6.000000000000000000e+00 3.870000000000000000e+02 6.970780625000000000e+05 2.052830937500000000e+05 7.307519531250000000e+02 1.062500000000000000e+00 -7.187500000000000000e-01 -3.582763671875000000e-01
6.000000000000000000e+00 2.700000000000000000e+01 6.970786875000000000e+05 2.052826562500000000e+05 7.305351562500000000e+02 1.250000000000000000e+00 -9.531250000000000000e-01 -4.627075195312500000e-01
6.000000000000000000e+00 1.720000000000000000e+02 6.970793125000000000e+05 2.052821406250000000e+05 7.302892456054687500e+02 1.187500000000000000e+00 -1.015625000000000000e+00 -4.693603515625000000e-01
6.000000000000000000e+00 2.300000000000000000e+02 6.970798750000000000e+05 2.052816406250000000e+05 7.300657958984375000e+02 1.187500000000000000e+00 -1.031250000000000000e+00 -4.653930664062500000e-01
6.000000000000000000e+00 1.760000000000000000e+02 6.970805000000000000e+05 2.052811093750000000e+05 7.298238525390625000e+02 1.125000000000000000e+00 -9.843750000000000000e-01 -4.390869140625000000e-01
6.000000000000000000e+00 3.850000000000000000e+02 6.970810000000000000e+05 2.052806562500000000e+05 7.296267089843750000e+02 1.000000000000000000e+00 -9.062500000000000000e-01 -3.904418945312500000e-01
6.000000000000000000e+00 3.130000000000000000e+02 6.970815000000000000e+05 2.052802031250000000e+05 7.294334106445312500e+02 1.062500000000000000e+00 -9.531250000000000000e-01 -4.049072265625000000e-01
6.000000000000000000e+00 2.360000000000000000e+02 6.970820625000000000e+05 2.052797031250000000e+05 7.292218017578125000e+02 9.375000000000000000e-01 -8.281250000000000000e-01 -3.527832031250000000e-01
6.000000000000000000e+00 2.530000000000000000e+02 6.970824375000000000e+05 2.052793750000000000e+05 7.290806274414062500e+02 1.000000000000000000e+00 -8.593750000000000000e-01 -3.670043945312500000e-01
6.000000000000000000e+00 2.000000000000000000e+00 6.970830625000000000e+05 2.052788437500000000e+05 7.288547973632812500e+02 1.062500000000000000e+00 -8.906250000000000000e-01 -3.762817382812500000e-01
6.000000000000000000e+00 2.330000000000000000e+02 6.970835000000000000e+05 2.052784843750000000e+05 7.287043457031250000e+02 9.375000000000000000e-01 -7.500000000000000000e-01 -3.176269531250000000e-01
6.000000000000000000e+00 1.340000000000000000e+02 6.970840000000000000e+05 2.052780937500000000e+05 7.285371704101562500e+02 1.250000000000000000e+00 -9.218750000000000000e-01 -4.019775390625000000e-01
6.000000000000000000e+00 1.680000000000000000e+02 6.970847500000000000e+05 2.052775625000000000e+05 7.283023681640625000e+02 1.062500000000000000e+00 -9.375000000000000000e-01 -3.710937500000000000e-01
6.000000000000000000e+00 4.600000000000000000e+01 6.970850625000000000e+05 2.052771562500000000e+05 7.281660766601562500e+02 -3.125000000000000000e-01 4.062500000000000000e-01 1.362915039062500000e-01
7.000000000000000000e+00 1.550000000000000000e+02 6.971172500000000000e+05 2.053014062500000000e+05 7.318946533203125000e+02 -3.125000000000000000e-01 -6.406250000000000000e-01 -2.236938476562500000e-01
7.000000000000000000e+00 3.320000000000000000e+02 6.971169375000000000e+05 2.053007656250000000e+05 7.316709594726562500e+02 -8.750000000000000000e-01 -1.140625000000000000e+00 -3.880615234375000000e-01
7.000000000000000000e+00 2.150000000000000000e+02 6.971163750000000000e+05 2.053002656250000000e+05 7.315065917968750000e+02 5.625000000000000000e-01 5.000000000000000000e-01 1.643676757812500000e-01
8.000000000000000000e+00 1.740000000000000000e+02 6.971128125000000000e+05 2.053132968750000000e+05 7.505409545898437500e+02 -1.250000000000000000e-01 3.125000000000000000e-02 5.093994140625000000e-01
8.000000000000000000e+00 3.720000000000000000e+02 6.971126875000000000e+05 2.053133281250000000e+05 7.510503540039062500e+02 -3.125000000000000000e-01 7.812500000000000000e-02 1.113464355468750000e+00
8.000000000000000000e+00 4.210000000000000000e+02 6.971125000000000000e+05 2.053133750000000000e+05 7.516544189453125000e+02 -5.625000000000000000e-01 1.718750000000000000e-01 1.309875488281250000e+00
8.000000000000000000e+00 4.100000000000000000e+02 6.971121250000000000e+05 2.053135000000000000e+05 7.523602294921875000e+02 -6.875000000000000000e-01 2.500000000000000000e-01 1.256042480468750000e+00
8.000000000000000000e+00 4.220000000000000000e+02 6.971118125000000000e+05 2.053136250000000000e+05 7.529104614257812500e+02 -6.250000000000000000e-01 2.500000000000000000e-01 9.893188476562500000e-01
8.000000000000000000e+00 4.910000000000000000e+02 6.971115000000000000e+05 2.053137500000000000e+05 7.533495483398437500e+02 -6.250000000000000000e-01 2.812500000000000000e-01 8.308715820312500000e-01
8.000000000000000000e+00 3.360000000000000000e+02 6.971111875000000000e+05 2.053139062500000000e+05 7.537413330078125000e+02 -6.875000000000000000e-01 3.593750000000000000e-01 7.212524414062500000e-01
8.000000000000000000e+00 4.290000000000000000e+02 6.971108125000000000e+05 2.053141093750000000e+05 7.540708007812500000e+02 -8.750000000000000000e-01 5.937500000000000000e-01 6.282348632812500000e-01
8.000000000000000000e+00 3.230000000000000000e+02 6.971103125000000000e+05 2.053145000000000000e+05 7.543695678710937500e+02 -1.062500000000000000e+00 9.062500000000000000e-01 8.583374023437500000e-01
8.000000000000000000e+00 4.610000000000000000e+02 6.971097500000000000e+05 2.053150156250000000e+05 7.549291381835937500e+02 -1.125000000000000000e+00 1.000000000000000000e+00 1.095520019531250000e+00
8.000000000000000000e+00 4.230000000000000000e+02 6.971091875000000000e+05 2.053155000000000000e+05 7.554650878906250000e+02 5.625000000000000000e-01 -4.843750000000000000e-01 -5.359497070312500000e-01
9.000000000000000000e+00 1.740000000000000000e+02 6.971128125000000000e+05 2.053132968750000000e+05 7.505409545898437500e+02 6.250000000000000000e-01 5.312500000000000000e-01 2.993774414062500000e-01
9.000000000000000000e+00 8.900000000000000000e+01 6.971134375000000000e+05 2.053138281250000000e+05 7.508403320312500000e+02 1.062500000000000000e+00 9.218750000000000000e-01 4.511718750000000000e-01
9.000000000000000000e+00 3.770000000000000000e+02 6.971138750000000000e+05 2.053142187500000000e+05 7.509921264648437500e+02 9.375000000000000000e-01 8.906250000000000000e-01 2.967529296875000000e-01
9.000000000000000000e+00 4.340000000000000000e+02 6.971143750000000000e+05 2.053147187500000000e+05 7.511370849609375000e+02 8.750000000000000000e-01 8.437500000000000000e-01 2.119140625000000000e-01
9.000000000000000000e+00 4.000000000000000000e+02 6.971147500000000000e+05 2.053150625000000000e+05 7.512040405273437500e+02 7.500000000000000000e-01 7.656250000000000000e-01 1.103515625000000000e-01
9.000000000000000000e+00 4.470000000000000000e+02 6.971151250000000000e+05 2.053154843750000000e+05 7.512474365234375000e+02 7.500000000000000000e-01 8.750000000000000000e-01 4.125976562500000000e-02
9.000000000000000000e+00 2.390000000000000000e+02 6.971155000000000000e+05 2.053159375000000000e+05 7.512453002929687500e+02 1.000000000000000000e+00 1.203125000000000000e+00 3.558349609375000000e-02
9.000000000000000000e+00 1.150000000000000000e+02 6.971161250000000000e+05 2.053166875000000000e+05 7.512830200195312500e+02 1.250000000000000000e+00 1.500000000000000000e+00 2.371826171875000000e-01
9.000000000000000000e+00 4.400000000000000000e+02 6.971167500000000000e+05 2.053174375000000000e+05 7.514824829101562500e+02 9.375000000000000000e-01 1.140625000000000000e+00 3.375854492187500000e-01
9.000000000000000000e+00 3.840000000000000000e+02 6.971170625000000000e+05 2.053178281250000000e+05 7.516206054687500000e+02 6.875000000000000000e-01 8.593750000000000000e-01 3.308715820312500000e-01
9.000000000000000000e+00 2.400000000000000000e+02 6.971174375000000000e+05 2.053182968750000000e+05 7.518133544921875000e+02 6.250000000000000000e-01 9.687500000000000000e-01 4.808959960937500000e-01
9.000000000000000000e+00 8.700000000000000000e+01 6.971176875000000000e+05 2.053187968750000000e+05 7.521015014648437500e+02 2.500000000000000000e-01 8.750000000000000000e-01 6.998901367187500000e-01
9.000000000000000000e+00 3.660000000000000000e+02 6.971176875000000000e+05 2.053191718750000000e+05 7.525132446289062500e+02 0.000000000000000000e+00 1.000000000000000000e+00 1.114135742187500000e+00
9.000000000000000000e+00 6.800000000000000000e+01 6.971176875000000000e+05 2.053197968750000000e+05 7.532156372070312500e+02 -6.250000000000000000e-02 9.531250000000000000e-01 1.094177246093750000e+00
9.000000000000000000e+00 3.630000000000000000e+02 6.971176250000000000e+05 2.053201250000000000e+05 7.536074218750000000e+02 -1.250000000000000000e-01 6.875000000000000000e-01 8.424072265625000000e-01
9.000000000000000000e+00 4.020000000000000000e+02 6.971175625000000000e+05 2.053204843750000000e+05 7.540580444335937500e+02 -1.875000000000000000e-01 6.718750000000000000e-01 8.511352539062500000e-01
9.000000000000000000e+00 2.080000000000000000e+02 6.971174375000000000e+05 2.053207968750000000e+05 7.544585571289062500e+02 -3.750000000000000000e-01 7.187500000000000000e-01 9.578247070312500000e-01
9.000000000000000000e+00 1.870000000000000000e+02 6.971171875000000000e+05 2.053212031250000000e+05 7.550158691406250000e+02 -5.625000000000000000e-01 8.281250000000000000e-01 1.104553222656250000e+00
9.000000000000000000e+00 1.910000000000000000e+02 6.971168750000000000e+05 2.053216250000000000e+05 7.555631103515625000e+02 -6.250000000000000000e-01 7.343750000000000000e-01 9.502563476562500000e-01
9.000000000000000000e+00 3.790000000000000000e+02 6.971165625000000000e+05 2.053219375000000000e+05 7.559661254882812500e+02 -6.250000000000000000e-01 6.562500000000000000e-01 8.125610351562500000e-01
9.000000000000000000e+00 2.740000000000000000e+02 6.971162500000000000e+05 2.053222812500000000e+05 7.563756713867187500e+02 -6.250000000000000000e-01 7.187500000000000000e-01 8.026733398437500000e-01
9.000000000000000000e+00 3.020000000000000000e+02 6.971159375000000000e+05 2.053226562500000000e+05 7.567687988281250000e+02 -7.500000000000000000e-01 9.843750000000000000e-01 9.906616210937500000e-01
9.000000000000000000e+00 7.900000000000000000e+01 6.971155000000000000e+05 2.053232656250000000e+05 7.573663330078125000e+02 -7.500000000000000000e-01 1.015625000000000000e+00 9.796142578125000000e-01
9.000000000000000000e+00 3.490000000000000000e+02 6.971151875000000000e+05 2.053236718750000000e+05 7.577484130859375000e+02 -8.125000000000000000e-01 9.843750000000000000e-01 9.256591796875000000e-01
9.000000000000000000e+00 1.800000000000000000e+02 6.971146875000000000e+05 2.053242500000000000e+05 7.582919921875000000e+02 -7.500000000000000000e-01 9.687500000000000000e-01 8.992309570312500000e-01
9.000000000000000000e+00 4.770000000000000000e+02 6.971144375000000000e+05 2.053246406250000000e+05 7.586476440429687500e+02 -6.875000000000000000e-01 1.031250000000000000e+00 9.257812500000000000e-01
9.000000000000000000e+00 4.930000000000000000e+02 6.971140000000000000e+05 2.053252812500000000e+05 7.592177734375000000e+02 -8.750000000000000000e-01 1.171875000000000000e+00 1.062072753906250000e+00
9.000000000000000000e+00 4.620000000000000000e+02 6.971135625000000000e+05 2.053258125000000000e+05 7.597097167968750000e+02 -6.875000000000000000e-01 8.750000000000000000e-01 8.051147460937500000e-01
9.000000000000000000e+00 1.410000000000000000e+02 6.971133125000000000e+05 2.053261562500000000e+05 7.600228881835937500e+02 2.500000000000000000e-01 -3.437500000000000000e-01 -3.131713867187500000e-01
1.000000000000000000e+01 1.750000000000000000e+02 6.970093750000000000e+05 2.053063593750000000e+05 7.500339355468750000e+02 -6.250000000000000000e-02 1.265625000000000000e+00 1.835937500000000000e-01
1.000000000000000000e+01 3.240000000000000000e+02 6.970093750000000000e+05 2.053057968750000000e+05 7.499613037109375000e+02 0.000000000000000000e+00 5.625000000000000000e-01 7.263183593750000000e-02
1.000000000000000000e+01 3.440000000000000000e+02 6.970093125000000000e+05 2.053070625000000000e+05 7.501448974609375000e+02 -2.500000000000000000e-01 1.640625000000000000e+00 2.841796875000000000e-01
1.000000000000000000e+01 1.400000000000000000e+02 6.970091250000000000e+05 2.053080000000000000e+05 7.503181152343750000e+02 -3.750000000000000000e-01 1.421875000000000000e+00 2.788085937500000000e-01
1.000000000000000000e+01 1.900000000000000000e+02 6.970089375000000000e+05 2.053084843750000000e+05 7.504237060546875000e+02 -3.750000000000000000e-01 1.156250000000000000e+00 2.681274414062500000e-01
1.000000000000000000e+01 7.400000000000000000e+01 6.970087500000000000e+05 2.053091562500000000e+05 7.505862426757812500e+02 -6.250000000000000000e-01 1.468750000000000000e+00 4.029541015625000000e-01
1.000000000000000000e+01 1.130000000000000000e+02 6.970083125000000000e+05 2.053099531250000000e+05 7.508266601562500000e+02 -6.875000000000000000e-01 1.218750000000000000e+00 4.038696289062500000e-01
1.000000000000000000e+01 4.530000000000000000e+02 6.970080625000000000e+05 2.053103750000000000e+05 7.509901123046875000e+02 -6.250000000000000000e-01 1.062500000000000000e+00 4.112548828125000000e-01
1.000000000000000000e+01 2.510000000000000000e+02 6.970076875000000000e+05 2.053110156250000000e+05 7.512379150390625000e+02 -6.875000000000000000e-01 1.265625000000000000e+00 4.796752929687500000e-01
1.000000000000000000e+01 3.120000000000000000e+02 6.970073750000000000e+05 2.053116406250000000e+05 7.514697875976562500e+02 -6.875000000000000000e-01 1.296875000000000000e+00 4.902343750000000000e-01
1.000000000000000000e+01 1.100000000000000000e+02 6.970070000000000000e+05 2.053123125000000000e+05 7.517281494140625000e+02 -7.500000000000000000e-01 1.296875000000000000e+00 5.044555664062500000e-01
1.000000000000000000e+01 2.790000000000000000e+02 6.970066250000000000e+05 2.053129375000000000e+05 7.519742431640625000e+02 -6.250000000000000000e-01 1.031250000000000000e+00 4.111328125000000000e-01
1.000000000000000000e+01 3.800000000000000000e+01 6.970063750000000000e+05 2.053133437500000000e+05 7.521392822265625000e+02 -6.250000000000000000e-01 9.375000000000000000e-01 3.928833007812500000e-01
1.000000000000000000e+01 2.580000000000000000e+02 6.970060000000000000e+05 2.053138750000000000e+05 7.523671264648437500e+02 -6.875000000000000000e-01 1.203125000000000000e+00 4.978637695312500000e-01
1.000000000000000000e+01 4.310000000000000000e+02 6.970056875000000000e+05 2.053145468750000000e+05 7.526371459960937500e+02 -5.000000000000000000e-01 1.343750000000000000e+00 5.256347656250000000e-01
1.000000000000000000e+01 3.970000000000000000e+02 6.970055000000000000e+05 2.053152187500000000e+05 7.528927612304687500e+02 -3.125000000000000000e-01 1.125000000000000000e+00 4.268798828125000000e-01
1.000000000000000000e+01 4.760000000000000000e+02 6.970053750000000000e+05 2.053156718750000000e+05 7.530640258789062500e+02 -1.875000000000000000e-01 9.218750000000000000e-01 3.441772460937500000e-01
1.000000000000000000e+01 7.800000000000000000e+01 6.970053125000000000e+05 2.053161406250000000e+05 7.532369384765625000e+02 -1.250000000000000000e-01 1.140625000000000000e+00 4.153442382812500000e-01
1.000000000000000000e+01 3.690000000000000000e+02 6.970052500000000000e+05 2.053168125000000000e+05 7.534793701171875000e+02 -1.250000000000000000e-01 1.203125000000000000e+00 4.292602539062500000e-01
1.000000000000000000e+01 4.270000000000000000e+02 6.970051875000000000e+05 2.053173437500000000e+05 7.536661987304687500e+02 -6.250000000000000000e-02 1.015625000000000000e+00 3.529052734375000000e-01
1.000000000000000000e+01 2.350000000000000000e+02 6.970051875000000000e+05 2.053178281250000000e+05 7.538322753906250000e+02 6.250000000000000000e-02 1.125000000000000000e+00 3.853759765625000000e-01
1.000000000000000000e+01 2.970000000000000000e+02 6.970052500000000000e+05 2.053184687500000000e+05 7.540515747070312500e+02 3.750000000000000000e-01 1.390625000000000000e+00 4.337768554687500000e-01
1.000000000000000000e+01 1.000000000000000000e+00 6.970055625000000000e+05 2.053192187500000000e+05 7.542660522460937500e+02 6.250000000000000000e-01 1.250000000000000000e+00 3.441772460937500000e-01
1.000000000000000000e+01 3.700000000000000000e+01 6.970058750000000000e+05 2.053197187500000000e+05 7.543957519531250000e+02 6.250000000000000000e-01 9.062500000000000000e-01 2.285766601562500000e-01
1.000000000000000000e+01 3.150000000000000000e+02 6.970061875000000000e+05 2.053201250000000000e+05 7.544946289062500000e+02 6.250000000000000000e-01 7.968750000000000000e-01 1.937866210937500000e-01
1.000000000000000000e+01 1.160000000000000000e+02 6.970065000000000000e+05 2.053205156250000000e+05 7.545895385742187500e+02 3.750000000000000000e-01 1.109375000000000000e+00 3.035888671875000000e-01
1.000000000000000000e+01 4.070000000000000000e+02 6.970065625000000000e+05 2.053212343750000000e+05 7.547982177734375000e+02 1.250000000000000000e-01 1.234375000000000000e+00 3.584594726562500000e-01
1.000000000000000000e+01 3.670000000000000000e+02 6.970066250000000000e+05 2.053217500000000000e+05 7.549479980468750000e+02 1.250000000000000000e-01 1.000000000000000000e+00 2.901000976562500000e-01
1.000000000000000000e+01 4.690000000000000000e+02 6.970066875000000000e+05 2.053222343750000000e+05 7.550883178710937500e+02 6.250000000000000000e-02 1.125000000000000000e+00 3.324584960937500000e-01
1.000000000000000000e+01 3.410000000000000000e+02 6.970066875000000000e+05 2.053228750000000000e+05 7.552804565429687500e+02 0.000000000000000000e+00 1.125000000000000000e+00 3.399047851562500000e-01
1.000000000000000000e+01 2.990000000000000000e+02 6.970066875000000000e+05 2.053233593750000000e+05 7.554282226562500000e+02 -6.250000000000000000e-02 1.281250000000000000e+00 3.985595703125000000e-01
1.000000000000000000e+01 1.380000000000000000e+02 6.970066250000000000e+05 2.053241562500000000e+05 7.556790161132812500e+02 -2.500000000000000000e-01 1.531250000000000000e+00 4.935913085937500000e-01
1.000000000000000000e+01 4.260000000000000000e+02 6.970064375000000000e+05 2.053248906250000000e+05 7.559218139648437500e+02 -5.625000000000000000e-01 1.437500000000000000e+00 4.928588867187500000e-01
1.000000000000000000e+01 2.670000000000000000e+02 6.970060625000000000e+05 2.053255937500000000e+05 7.561718750000000000e+02 -8.750000000000000000e-01 1.421875000000000000e+00 5.364379882812500000e-01
1.000000000000000000e+01 3.210000000000000000e+02 6.970055625000000000e+05 2.053263125000000000e+05 7.564582519531250000e+02 -1.000000000000000000e+00 1.296875000000000000e+00 5.308227539062500000e-01
1.000000000000000000e+01 3.830000000000000000e+02 6.970050625000000000e+05 2.053268906250000000e+05 7.567026977539062500e+02 -9.375000000000000000e-01 1.218750000000000000e+00 5.048828125000000000e-01
1.000000000000000000e+01 3.280000000000000000e+02 6.970046250000000000e+05 2.053275312500000000e+05 7.569631347656250000e+02 -6.875000000000000000e-01 1.046875000000000000e+00 4.343872070312500000e-01
1.000000000000000000e+01 4.250000000000000000e+02 6.970043750000000000e+05 2.053279375000000000e+05 7.571370849609375000e+02 -5.625000000000000000e-01 8.593750000000000000e-01 3.656005859375000000e-01
1.000000000000000000e+01 3.400000000000000000e+02 6.970040625000000000e+05 2.053283906250000000e+05 7.573287353515625000e+02 -7.500000000000000000e-01 1.046875000000000000e+00 4.425048828125000000e-01
1.000000000000000000e+01 2.190000000000000000e+02 6.970036250000000000e+05 2.053289843750000000e+05 7.575795898437500000e+02 -8.125000000000000000e-01 1.031250000000000000e+00 4.454345703125000000e-01
1.000000000000000000e+01 4.200000000000000000e+02 6.970032500000000000e+05 2.053294218750000000e+05 7.577741699218750000e+02 -7.500000000000000000e-01 8.593750000000000000e-01 3.866577148437500000e-01
1.000000000000000000e+01 3.480000000000000000e+02 6.970028750000000000e+05 2.053298437500000000e+05 7.579662475585937500e+02 -6.875000000000000000e-01 7.812500000000000000e-01 3.522338867187500000e-01
1.000000000000000000e+01 4.490000000000000000e+02 6.970025625000000000e+05 2.053302031250000000e+05 7.581264038085937500e+02 -6.250000000000000000e-01 8.593750000000000000e-01 3.767089843750000000e-01
1.000000000000000000e+01 1.430000000000000000e+02 6.970022500000000000e+05 2.053307031250000000e+05 7.583429565429687500e+02 -6.875000000000000000e-01 1.265625000000000000e+00 5.480957031250000000e-01
1.000000000000000000e+01 4.090000000000000000e+02 6.970018750000000000e+05 2.053314687500000000e+05 7.586744995117187500e+02 -5.625000000000000000e-01 1.234375000000000000e+00 5.333862304687500000e-01
1.000000000000000000e+01 4.540000000000000000e+02 6.970016875000000000e+05 2.053319375000000000e+05 7.588763427734375000e+02 -3.750000000000000000e-01 9.375000000000000000e-01 3.960571289062500000e-01
1.000000000000000000e+01 3.590000000000000000e+02 6.970015000000000000e+05 2.053324062500000000e+05 7.590705566406250000e+02 -3.750000000000000000e-01 1.250000000000000000e+00 5.179443359375000000e-01
1.000000000000000000e+01 3.920000000000000000e+02 6.970013125000000000e+05 2.053331875000000000e+05 7.593942871093750000e+02 -3.750000000000000000e-01 1.593750000000000000e+00 6.550903320312500000e-01
1.000000000000000000e+01 1.190000000000000000e+02 6.970011250000000000e+05 2.053340000000000000e+05 7.597256469726562500e+02 1.875000000000000000e-01 -8.125000000000000000e-01 -3.313598632812500000e-01
1.100000000000000000e+01 2.150000000000000000e+02 6.971163750000000000e+05 2.053002656250000000e+05 7.315065917968750000e+02 3.750000000000000000e-01 -3.281250000000000000e-01 -1.102294921875000000e-01
1.100000000000000000e+01 3.310000000000000000e+02 6.971167500000000000e+05 2.052999375000000000e+05 7.313963623046875000e+02 6.875000000000000000e-01 -8.437500000000000000e-01 -2.821044921875000000e-01
1.100000000000000000e+01 1.050000000000000000e+02 6.971170625000000000e+05 2.052994218750000000e+05 7.312244873046875000e+02 6.875000000000000000e-01 -1.312500000000000000e+00 -4.213256835937500000e-01
1.100000000000000000e+01 3.580000000000000000e+02 6.971174375000000000e+05 2.052986250000000000e+05 7.309750366210937500e+02 5.000000000000000000e-01 -1.281250000000000000e+00 -3.954467773437500000e-01
1.100000000000000000e+01 2.270000000000000000e+02 6.971175625000000000e+05 2.052981406250000000e+05 7.308290405273437500e+02 2.500000000000000000e-01 -9.531250000000000000e-01 -2.900390625000000000e-01
1.100000000000000000e+01 3.500000000000000000e+01 6.971176875000000000e+05 2.052976718750000000e+05 7.306849975585937500e+02 1.250000000000000000e-01 -1.078125000000000000e+00 -3.242187500000000000e-01
1.100000000000000000e+01 9.000000000000000000e+00 6.971176875000000000e+05 2.052970625000000000e+05 7.305048217773437500e+02 -1.875000000000000000e-01 -1.250000000000000000e+00 -3.442993164062500000e-01
1.100000000000000000e+01 2.680000000000000000e+02 6.971175000000000000e+05 2.052964218750000000e+05 7.303406982421875000e+02 -5.000000000000000000e-01 -1.093750000000000000e+00 -2.697753906250000000e-01
1.100000000000000000e+01 1.820000000000000000e+02 6.971171875000000000e+05 2.052959687500000000e+05 7.302350463867187500e+02 -6.250000000000000000e-01 -8.750000000000000000e-01 -1.995239257812500000e-01
1.100000000000000000e+01 1.080000000000000000e+02 6.971168750000000000e+05 2.052955468750000000e+05 7.301411743164062500e+02 -8.750000000000000000e-01 -9.843750000000000000e-01 -2.055053710937500000e-01
1.100000000000000000e+01 1.270000000000000000e+02 6.971163125000000000e+05 2.052949843750000000e+05 7.300295410156250000e+02 -1.187500000000000000e+00 -1.015625000000000000e+00 -1.849365234375000000e-01
1.100000000000000000e+01 3.610000000000000000e+02 6.971156875000000000e+05 2.052945312500000000e+05 7.299562377929687500e+02 -1.312500000000000000e+00 -8.281250000000000000e-01 -1.156616210937500000e-01
1.100000000000000000e+01 9.600000000000000000e+01 6.971150000000000000e+05 2.052941562500000000e+05 7.299138793945312500e+02 -1.625000000000000000e+00 -7.343750000000000000e-01 -5.480957031250000000e-02
1.100000000000000000e+01 1.230000000000000000e+02 6.971140625000000000e+05 2.052937968750000000e+05 7.299014282226562500e+02 -1.500000000000000000e+00 -5.156250000000000000e-01 -3.845214843750000000e-03
1.100000000000000000e+01 2.920000000000000000e+02 6.971135000000000000e+05 2.052936406250000000e+05 7.299100341796875000e+02 -1.250000000000000000e+00 -3.281250000000000000e-01 2.990722656250000000e-02
1.100000000000000000e+01 1.900000000000000000e+01 6.971128125000000000e+05 2.052934687500000000e+05 7.299313354492187500e+02 -1.312500000000000000e+00 -2.968750000000000000e-01 4.803466796875000000e-02
1.100000000000000000e+01 2.720000000000000000e+02 6.971121875000000000e+05 2.052933437500000000e+05 7.299580688476562500e+02 -1.437500000000000000e+00 -2.812500000000000000e-01 7.055664062500000000e-02
1.100000000000000000e+01 5.100000000000000000e+01 6.971113750000000000e+05 2.052931875000000000e+05 7.300018920898437500e+02 -1.312500000000000000e+00 -2.343750000000000000e-01 7.171630859375000000e-02
1.100000000000000000e+01 1.420000000000000000e+02 6.971108750000000000e+05 2.052931093750000000e+05 7.300297851562500000e+02 -1.000000000000000000e+00 -1.406250000000000000e-01 5.944824218750000000e-02
1.100000000000000000e+01 2.320000000000000000e+02 6.971103750000000000e+05 2.052930468750000000e+05 7.300613403320312500e+02 -1.000000000000000000e+00 -1.093750000000000000e-01 6.402587890625000000e-02
1.100000000000000000e+01 4.580000000000000000e+02 6.971098750000000000e+05 2.052930000000000000e+05 7.300938110351562500e+02 -1.000000000000000000e+00 -1.093750000000000000e-01 7.427978515625000000e-02
1.100000000000000000e+01 6.700000000000000000e+01 6.971093750000000000e+05 2.052929375000000000e+05 7.301356201171875000e+02 -1.062500000000000000e+00 -9.375000000000000000e-02 8.508300781250000000e-02
1.100000000000000000e+01 3.780000000000000000e+02 6.971088125000000000e+05 2.052929062500000000e+05 7.301788940429687500e+02 -1.187500000000000000e+00 -6.250000000000000000e-02 9.692382812500000000e-02
1.100000000000000000e+01 2.700000000000000000e+02 6.971081875000000000e+05 2.052928750000000000e+05 7.302325439453125000e+02 -1.500000000000000000e+00 -6.250000000000000000e-02 1.351928710937500000e-01
1.100000000000000000e+01 0.000000000000000000e+00 6.971073125000000000e+05 2.052928437500000000e+05 7.303140869140625000e+02 -1.625000000000000000e+00 -1.562500000000000000e-02 1.505737304687500000e-01
1.100000000000000000e+01 3.570000000000000000e+02 6.971065625000000000e+05 2.052928593750000000e+05 7.303831176757812500e+02 -1.312500000000000000e+00 3.125000000000000000e-02 1.253662109375000000e-01
1.100000000000000000e+01 2.400000000000000000e+01 6.971060000000000000e+05 2.052928750000000000e+05 7.304394531250000000e+02 -1.500000000000000000e+00 6.250000000000000000e-02 1.519775390625000000e-01
1.100000000000000000e+01 7.600000000000000000e+01 6.971050625000000000e+05 2.052929218750000000e+05 7.305350952148437500e+02 -1.500000000000000000e+00 7.812500000000000000e-02 1.575317382812500000e-01
1.100000000000000000e+01 3.050000000000000000e+02 6.971045000000000000e+05 2.052929531250000000e+05 7.305969848632812500e+02 -1.125000000000000000e+00 7.812500000000000000e-02 1.218872070312500000e-01
1.100000000000000000e+01 2.480000000000000000e+02 6.971039375000000000e+05 2.052930000000000000e+05 7.306569824218750000e+02 -1.125000000000000000e+00 1.093750000000000000e-01 1.217041015625000000e-01
1.100000000000000000e+01 1.600000000000000000e+01 6.971033750000000000e+05 2.052930625000000000e+05 7.307186889648437500e+02 -1.187500000000000000e+00 1.406250000000000000e-01 1.389160156250000000e-01
1.100000000000000000e+01 3.350000000000000000e+02 6.971027500000000000e+05 2.052931406250000000e+05 7.307958984375000000e+02 -1.250000000000000000e+00 1.562500000000000000e-01 1.601562500000000000e-01
1.100000000000000000e+01 1.560000000000000000e+02 6.971021250000000000e+05 2.052932187500000000e+05 7.308788452148437500e+02 -1.500000000000000000e+00 2.187500000000000000e-01 2.070922851562500000e-01
1.100000000000000000e+01 9.500000000000000000e+01 6.971012500000000000e+05 2.052933593750000000e+05 7.310029907226562500e+02 -1.375000000000000000e+00 2.187500000000000000e-01 1.986694335937500000e-01
1.100000000000000000e+01 2.380000000000000000e+02 6.971007500000000000e+05 2.052934375000000000e+05 7.310775146484375000e+02 -1.000000000000000000e+00 1.718750000000000000e-01 1.567382812500000000e-01
1.100000000000000000e+01 6.000000000000000000e+01 6.971002500000000000e+05 2.052935312500000000e+05 7.311597290039062500e+02 -1.062500000000000000e+00 1.875000000000000000e-01 1.629638671875000000e-01
1.100000000000000000e+01 1.350000000000000000e+02 6.970996875000000000e+05 2.052936250000000000e+05 7.312404785156250000e+02 -1.375000000000000000e+00 2.343750000000000000e-01 2.178955078125000000e-01
1.100000000000000000e+01 2.100000000000000000e+02 6.970988750000000000e+05 2.052937656250000000e+05 7.313776245117187500e+02 -1.562500000000000000e+00 2.812500000000000000e-01 2.625732421875000000e-01
1.100000000000000000e+01 2.870000000000000000e+02 6.970981250000000000e+05 2.052939062500000000e+05 7.315030517578125000e+02 -1.312500000000000000e+00 2.500000000000000000e-01 2.254638671875000000e-01
1.100000000000000000e+01 2.940000000000000000e+02 6.970975625000000000e+05 2.052940156250000000e+05 7.316030883789062500e+02 -1.062500000000000000e+00 2.187500000000000000e-01 2.100830078125000000e-01
1.100000000000000000e+01 3.950000000000000000e+02 6.970970625000000000e+05 2.052941250000000000e+05 7.317131347656250000e+02 -1.062500000000000000e+00 2.343750000000000000e-01 2.354736328125000000e-01
1.100000000000000000e+01 4.430000000000000000e+02 6.970965000000000000e+05 2.052942500000000000e+05 7.318385620117187500e+02 -1.062500000000000000e+00 2.187500000000000000e-01 2.272949218750000000e-01
1.100000000000000000e+01 3.520000000000000000e+02 6.970960000000000000e+05 2.052943437500000000e+05 7.319404296875000000e+02 -1.000000000000000000e+00 1.875000000000000000e-01 2.068481445312500000e-01
1.100000000000000000e+01 7.700000000000000000e+01 6.970955000000000000e+05 2.052944375000000000e+05 7.320454101562500000e+02 -1.437500000000000000e+00 2.031250000000000000e-01 2.710571289062500000e-01
1.100000000000000000e+01 2.000000000000000000e+01 6.970945625000000000e+05 2.052945468750000000e+05 7.322114868164062500e+02 -1.562500000000000000e+00 3.125000000000000000e-02 1.904296875000000000e-01
1.100000000000000000e+01 3.370000000000000000e+02 6.970939375000000000e+05 2.052944687500000000e+05 7.322358398437500000e+02 -1.250000000000000000e+00 -2.031250000000000000e-01 3.106689453125000000e-02
1.100000000000000000e+01 2.290000000000000000e+02 6.970933125000000000e+05 2.052943437500000000e+05 7.322425537109375000e+02 -1.187500000000000000e+00 -2.656250000000000000e-01 7.568359375000000000e-03
1.100000000000000000e+01 4.440000000000000000e+02 6.970927500000000000e+05 2.052942031250000000e+05 7.322434082031250000e+02 -1.062500000000000000e+00 -3.125000000000000000e-01 -4.028320312500000000e-03
1.100000000000000000e+01 1.830000000000000000e+02 6.970922500000000000e+05 2.052940312500000000e+05 7.322385253906250000e+02 -1.000000000000000000e+00 -4.375000000000000000e-01 -2.117919921875000000e-02
1.100000000000000000e+01 2.600000000000000000e+01 6.970917500000000000e+05 2.052937656250000000e+05 7.322222290039062500e+02 -1.187500000000000000e+00 -6.875000000000000000e-01 -5.084228515625000000e-02
1.100000000000000000e+01 1.770000000000000000e+02 6.970910625000000000e+05 2.052933437500000000e+05 7.321876831054687500e+02 -1.250000000000000000e+00 -9.687500000000000000e-01 -9.216308593750000000e-02
1.100000000000000000e+01 3.090000000000000000e+02 6.970905000000000000e+05 2.052927968750000000e+05 7.321300659179687500e+02 -8.750000000000000000e-01 -9.375000000000000000e-01 -1.033325195312500000e-01
1.100000000000000000e+01 7.500000000000000000e+01 6.970901875000000000e+05 2.052924062500000000e+05 7.320843505859375000e+02 3.125000000000000000e-01 3.906250000000000000e-01 4.571533203125000000e-02
1.200000000000000000e+01 2.150000000000000000e+02 6.971163750000000000e+05 2.053002656250000000e+05 7.315065917968750000e+02 -4.375000000000000000e-01 2.656250000000000000e-01 9.271240234375000000e-02
1.200000000000000000e+01 3.650000000000000000e+02 6.971159375000000000e+05 2.053005312500000000e+05 7.315993041992187500e+02 -1.062500000000000000e+00 5.781250000000000000e-01 2.041015625000000000e-01
1.200000000000000000e+01 1.440000000000000000e+02 6.971153125000000000e+05 2.053008437500000000e+05 7.317106933593750000e+02 -1.375000000000000000e+00 5.937500000000000000e-01 2.233276367187500000e-01
1.200000000000000000e+01 7.000000000000000000e+01 6.971145625000000000e+05 2.053011250000000000e+05 7.318226318359375000e+02 -1.625000000000000000e+00 5.312500000000000000e-01 2.178955078125000000e-01
1.200000000000000000e+01 2.890000000000000000e+02 6.971136875000000000e+05 2.053013750000000000e+05 7.319285888671875000e+02 -1.625000000000000000e+00 4.062500000000000000e-01 1.795043945312500000e-01
1.200000000000000000e+01 4.040000000000000000e+02 6.971129375000000000e+05 2.053015312500000000e+05 7.320021362304687500e+02 -1.562500000000000000e+00 3.125000000000000000e-01 1.576538085937500000e-01
1.200000000000000000e+01 6.200000000000000000e+01 6.971121250000000000e+05 2.053016875000000000e+05 7.320862426757812500e+02 -1.500000000000000000e+00 2.968750000000000000e-01 1.641845703125000000e-01
1.200000000000000000e+01 2.560000000000000000e+02 6.971114375000000000e+05 2.053018281250000000e+05 7.321663208007812500e+02 -1.375000000000000000e+00 2.812500000000000000e-01 1.683959960937500000e-01
1.200000000000000000e+01 2.880000000000000000e+02 6.971107500000000000e+05 2.053019687500000000e+05 7.322546386718750000e+02 -1.375000000000000000e+00 2.812500000000000000e-01 1.934204101562500000e-01
1.200000000000000000e+01 1.180000000000000000e+02 6.971100625000000000e+05 2.053021093750000000e+05 7.323597412109375000e+02 -1.437500000000000000e+00 2.968750000000000000e-01 2.199707031250000000e-01
1.200000000000000000e+01 7.100000000000000000e+01 6.971093125000000000e+05 2.053022656250000000e+05 7.324746093750000000e+02 -1.625000000000000000e+00 3.593750000000000000e-01 2.801513671875000000e-01
1.200000000000000000e+01 8.500000000000000000e+01 6.971084375000000000e+05 2.053024687500000000e+05 7.326398925781250000e+02 -1.375000000000000000e+00 3.437500000000000000e-01 2.908325195312500000e-01
1.200000000000000000e+01 2.460000000000000000e+02 6.971079375000000000e+05 2.053026093750000000e+05 7.327654418945312500e+02 -1.000000000000000000e+00 2.812500000000000000e-01 2.630004882812500000e-01
1.200000000000000000e+01 4.240000000000000000e+02 6.971074375000000000e+05 2.053027500000000000e+05 7.329028930664062500e+02 -1.187500000000000000e+00 3.593750000000000000e-01 3.537597656250000000e-01
1.200000000000000000e+01 1.520000000000000000e+02 6.971067500000000000e+05 2.053029687500000000e+05 7.331192016601562500e+02 -1.437500000000000000e+00 5.156250000000000000e-01 5.227661132812500000e-01
1.200000000000000000e+01 2.130000000000000000e+02 6.971060000000000000e+05 2.053032656250000000e+05 7.334256591796875000e+02 -1.562500000000000000e+00 7.031250000000000000e-01 7.282714843750000000e-01
1.200000000000000000e+01 5.800000000000000000e+01 6.971051875000000000e+05 2.053036718750000000e+05 7.338474731445312500e+02 -1.312500000000000000e+00 7.031250000000000000e-01 7.160034179687500000e-01
1.200000000000000000e+01 3.010000000000000000e+02 6.971046875000000000e+05 2.053039687500000000e+05 7.341416625976562500e+02 -1.187500000000000000e+00 7.343750000000000000e-01 7.825927734375000000e-01
1.200000000000000000e+01 5.900000000000000000e+01 6.971040000000000000e+05 2.053044062500000000e+05 7.346300659179687500e+02 -1.250000000000000000e+00 7.968750000000000000e-01 9.320678710937500000e-01
1.200000000000000000e+01 3.040000000000000000e+02 6.971034375000000000e+05 2.053047656250000000e+05 7.350737304687500000e+02 -9.375000000000000000e-01 6.250000000000000000e-01 8.108520507812500000e-01
1.200000000000000000e+01 1.320000000000000000e+02 6.971030625000000000e+05 2.053050312500000000e+05 7.354409179687500000e+02 -6.875000000000000000e-01 5.156250000000000000e-01 7.429809570312500000e-01
1.200000000000000000e+01 6.000000000000000000e+00 6.971027500000000000e+05 2.053052812500000000e+05 7.358167114257812500e+02 -7.500000000000000000e-01 6.093750000000000000e-01 1.008666992187500000e+00
1.200000000000000000e+01 1.890000000000000000e+02 6.971023125000000000e+05 2.053056406250000000e+05 7.364495849609375000e+02 -6.875000000000000000e-01 5.625000000000000000e-01 1.102416992187500000e+00
1.200000000000000000e+01 4.380000000000000000e+02 6.971020625000000000e+05 2.053058437500000000e+05 7.369191284179687500e+02 -4.375000000000000000e-01 3.593750000000000000e-01 9.198608398437500000e-01
1.200000000000000000e+01 9.700000000000000000e+01 6.971018750000000000e+05 2.053060000000000000e+05 7.373694458007812500e+02 -4.375000000000000000e-01 3.906250000000000000e-01 1.143066406250000000e+00
1.200000000000000000e+01 2.430000000000000000e+02 6.971016250000000000e+05 2.053062343750000000e+05 7.380621948242187500e+02 -4.375000000000000000e-01 3.906250000000000000e-01 1.170593261718750000e+00
1.200000000000000000e+01 1.480000000000000000e+02 6.971014375000000000e+05 2.053063906250000000e+05 7.385400390625000000e+02 -3.750000000000000000e-01 2.812500000000000000e-01 9.487304687500000000e-01
1.200000000000000000e+01 4.510000000000000000e+02 6.971012500000000000e+05 2.053065156250000000e+05 7.390109252929687500e+02 -3.125000000000000000e-01 2.656250000000000000e-01 9.931030273437500000e-01
1.200000000000000000e+01 1.290000000000000000e+02 6.971011250000000000e+05 2.053066562500000000e+05 7.395331420898437500e+02 -3.750000000000000000e-01 3.281250000000000000e-01 1.330322265625000000e+00
1.200000000000000000e+01 2.020000000000000000e+02 6.971008750000000000e+05 2.053068437500000000e+05 7.403412475585937500e+02 -3.750000000000000000e-01 3.125000000000000000e-01 1.445678710937500000e+00
1.200000000000000000e+01 1.300000000000000000e+02 6.971007500000000000e+05 2.053069687500000000e+05 7.409788208007812500e+02 -3.125000000000000000e-01 2.812500000000000000e-01 1.493896484375000000e+00
1.200000000000000000e+01 1.220000000000000000e+02 6.971005625000000000e+05 2.053071250000000000e+05 7.418351440429687500e+02 -2.500000000000000000e-01 2.343750000000000000e-01 1.408935546875000000e+00
1.200000000000000000e+01 3.990000000000000000e+02 6.971005000000000000e+05 2.053072031250000000e+05 7.423877563476562500e+02 -6.250000000000000000e-02 1.250000000000000000e-01 1.052246093750000000e+00
1.200000000000000000e+01 1.100000000000000000e+01 6.971005000000000000e+05 2.053072500000000000e+05 7.428873901367187500e+02 0.000000000000000000e+00 -4.687500000000000000e-02 -4.996337890625000000e-01
1.300000000000000000e+01 2.260000000000000000e+02 6.970998125000000000e+05 2.052746562500000000e+05 7.259793701171875000e+02 -1.875000000000000000e-01 1.125000000000000000e+00 3.069458007812500000e-01
1.300000000000000000e+01 4.000000000000000000e+01 6.970999375000000000e+05 2.052740781250000000e+05 7.258250732421875000e+02 -1.250000000000000000e-01 5.781250000000000000e-01 1.542968750000000000e-01
1.300000000000000000e+01 1.300000000000000000e+01 6.970997500000000000e+05 2.052752031250000000e+05 7.261320190429687500e+02 -2.500000000000000000e-01 1.234375000000000000e+00 3.438110351562500000e-01
1.300000000000000000e+01 8.800000000000000000e+01 6.970995625000000000e+05 2.052758906250000000e+05 7.263231811523437500e+02 -3.125000000000000000e-01 1.390625000000000000e+00 3.867187500000000000e-01
1.300000000000000000e+01 1.500000000000000000e+02 6.970994375000000000e+05 2.052765937500000000e+05 7.265187377929687500e+02 -3.125000000000000000e-01 1.484375000000000000e+00 4.167480468750000000e-01
1.300000000000000000e+01 2.520000000000000000e+02 6.970992500000000000e+05 2.052773750000000000e+05 7.267399291992187500e+02 -3.125000000000000000e-01 1.281250000000000000e+00 3.646240234375000000e-01
1.300000000000000000e+01 6.300000000000000000e+01 6.970991250000000000e+05 2.052778750000000000e+05 7.268833618164062500e+02 -3.750000000000000000e-01 1.203125000000000000e+00 3.532714843750000000e-01
1.300000000000000000e+01 1.650000000000000000e+02 6.970988750000000000e+05 2.052785781250000000e+05 7.270932006835937500e+02 -5.000000000000000000e-01 1.234375000000000000e+00 3.737182617187500000e-01
1.300000000000000000e+01 1.700000000000000000e+01 6.970986250000000000e+05 2.052791093750000000e+05 7.272570800781250000e+02 -6.875000000000000000e-01 1.265625000000000000e+00 3.989868164062500000e-01
1.300000000000000000e+01 5.700000000000000000e+01 6.970981875000000000e+05 2.052798437500000000e+05 7.274921875000000000e+02 -8.750000000000000000e-01 1.265625000000000000e+00 4.213256835937500000e-01
1.300000000000000000e+01 1.600000000000000000e+02 6.970977500000000000e+05 2.052803750000000000e+05 7.276784057617187500e+02 -7.500000000000000000e-01 9.218750000000000000e-01 3.251953125000000000e-01
1.300000000000000000e+01 1.450000000000000000e+02 6.970974375000000000e+05 2.052807656250000000e+05 7.278173828125000000e+02 -6.875000000000000000e-01 7.500000000000000000e-01 2.728271484375000000e-01
1.300000000000000000e+01 2.750000000000000000e+02 6.970970625000000000e+05 2.052811250000000000e+05 7.279512329101562500e+02 -8.125000000000000000e-01 8.281250000000000000e-01 3.093261718750000000e-01
1.300000000000000000e+01 9.000000000000000000e+01 6.970966250000000000e+05 2.052815937500000000e+05 7.281267089843750000e+02 -8.750000000000000000e-01 9.843750000000000000e-01 3.649902343750000000e-01
1.300000000000000000e+01 1.200000000000000000e+02 6.970961875000000000e+05 2.052821093750000000e+05 7.283162231445312500e+02 -9.375000000000000000e-01 1.125000000000000000e+00 4.224243164062500000e-01
1.300000000000000000e+01 1.000000000000000000e+01 6.970956875000000000e+05 2.052827187500000000e+05 7.285491333007812500e+02 -9.375000000000000000e-01 1.125000000000000000e+00 4.239501953125000000e-01
1.300000000000000000e+01 1.010000000000000000e+02 6.970952500000000000e+05 2.052832343750000000e+05 7.287401733398437500e+02 -9.375000000000000000e-01 1.062500000000000000e+00 4.067382812500000000e-01
1.300000000000000000e+01 3.250000000000000000e+02 6.970947500000000000e+05 2.052837812500000000e+05 7.289558715820312500e+02 -8.750000000000000000e-01 1.015625000000000000e+00 3.965454101562500000e-01
1.300000000000000000e+01 4.420000000000000000e+02 6.970943750000000000e+05 2.052842500000000000e+05 7.291367187500000000e+02 -6.875000000000000000e-01 8.437500000000000000e-01 3.320312500000000000e-01
1.300000000000000000e+01 1.920000000000000000e+02 6.970940625000000000e+05 2.052846250000000000e+05 7.292879028320312500e+02 -6.875000000000000000e-01 8.593750000000000000e-01 3.444824218750000000e-01
1.300000000000000000e+01 3.500000000000000000e+02 6.970936875000000000e+05 2.052851093750000000e+05 7.294812011718750000e+02 -8.125000000000000000e-01 1.031250000000000000e+00 4.172363281250000000e-01
1.300000000000000000e+01 1.120000000000000000e+02 6.970932500000000000e+05 2.052856562500000000e+05 7.297051391601562500e+02 -8.125000000000000000e-01 1.000000000000000000e+00 4.095458984375000000e-01
1.300000000000000000e+01 3.190000000000000000e+02 6.970928750000000000e+05 2.052861093750000000e+05 7.298907470703125000e+02 -6.875000000000000000e-01 8.750000000000000000e-01 3.637084960937500000e-01
1.300000000000000000e+01 6.600000000000000000e+01 6.970925625000000000e+05 2.052865312500000000e+05 7.300688476562500000e+02 -8.125000000000000000e-01 1.046875000000000000e+00 4.635009765625000000e-01
1.300000000000000000e+01 6.500000000000000000e+01 6.970920625000000000e+05 2.052871562500000000e+05 7.303542480468750000e+02 -8.125000000000000000e-01 1.015625000000000000e+00 4.584350585937500000e-01
1.300000000000000000e+01 2.070000000000000000e+02 6.970917500000000000e+05 2.052875468750000000e+05 7.305272827148437500e+02 -7.500000000000000000e-01 1.000000000000000000e+00 4.451904296875000000e-01
1.300000000000000000e+01 3.000000000000000000e+00 6.970913125000000000e+05 2.052881562500000000e+05 7.307994384765625000e+02 -8.125000000000000000e-01 1.140625000000000000e+00 5.073242187500000000e-01
1.300000000000000000e+01 1.460000000000000000e+02 6.970909375000000000e+05 2.052886875000000000e+05 7.310346069335937500e+02 -6.250000000000000000e-01 9.375000000000000000e-01 4.025268554687500000e-01
1.300000000000000000e+01 2.830000000000000000e+02 6.970906875000000000e+05 2.052890937500000000e+05 7.312019653320312500e+02 -5.625000000000000000e-01 9.531250000000000000e-01 3.767089843750000000e-01
1.300000000000000000e+01 2.280000000000000000e+02 6.970903750000000000e+05 2.052896406250000000e+05 7.314113159179687500e+02 -6.875000000000000000e-01 1.421875000000000000e+00 5.106811523437500000e-01
1.300000000000000000e+01 4.400000000000000000e+01 6.970900000000000000e+05 2.052905156250000000e+05 7.317126464843750000e+02 -4.375000000000000000e-01 1.562500000000000000e+00 4.660034179687500000e-01
1.300000000000000000e+01 1.630000000000000000e+02 6.970899375000000000e+05 2.052912031250000000e+05 7.318773193359375000e+02 0.000000000000000000e+00 1.265625000000000000e+00 2.725219726562500000e-01
1.300000000000000000e+01 2.540000000000000000e+02 6.970900000000000000e+05 2.052917812500000000e+05 7.319851684570312500e+02 2.500000000000000000e-01 1.203125000000000000e+00 2.070312500000000000e-01
1.300000000000000000e+01 7.500000000000000000e+01 6.970901875000000000e+05 2.052924062500000000e+05 7.320843505859375000e+02 -1.875000000000000000e-01 -6.250000000000000000e-01 -9.918212890625000000e-02
1.400000000000000000e+01 2.660000000000000000e+02 6.970048125000000000e+05 2.053056093750000000e+05 7.533610839843750000e+02 1.250000000000000000e-01 -2.343750000000000000e-01 -5.473632812500000000e-01
1.400000000000000000e+01 3.460000000000000000e+02 6.970049375000000000e+05 2.053053750000000000e+05 7.528137207031250000e+02 5.000000000000000000e-01 -4.375000000000000000e-01 -9.666137695312500000e-01
1.400000000000000000e+01 4.590000000000000000e+02 6.970053125000000000e+05 2.053051718750000000e+05 7.523944702148437500e+02 8.750000000000000000e-01 -4.218750000000000000e-01 -9.019165039062500000e-01
1.400000000000000000e+01 2.620000000000000000e+02 6.970058125000000000e+05 2.053049531250000000e+05 7.519118041992187500e+02 8.750000000000000000e-01 -3.750000000000000000e-01 -8.264160156250000000e-01
1.400000000000000000e+01 4.820000000000000000e+02 6.970061875000000000e+05 2.053047968750000000e+05 7.515680541992187500e+02 7.500000000000000000e-01 -2.968750000000000000e-01 -6.506958007812500000e-01
1.400000000000000000e+01 7.300000000000000000e+01 6.970065625000000000e+05 2.053046562500000000e+05 7.512611083984375000e+02 9.375000000000000000e-01 -2.968750000000000000e-01 -7.627563476562500000e-01
1.400000000000000000e+01 1.580000000000000000e+02 6.970071250000000000e+05 2.053045000000000000e+05 7.508052978515625000e+02 1.000000000000000000e+00 -4.531250000000000000e-01 -7.603149414062500000e-01
1.400000000000000000e+01 2.980000000000000000e+02 6.970075625000000000e+05 2.053042031250000000e+05 7.505007934570312500e+02 1.000000000000000000e+00 -5.312500000000000000e-01 -6.228027343750000000e-01
1.400000000000000000e+01 9.100000000000000000e+01 6.970081250000000000e+05 2.053039687500000000e+05 7.501824951171875000e+02 1.125000000000000000e+00 1.406250000000000000e-01 -4.752807617187500000e-01
1.400000000000000000e+01 3.220000000000000000e+02 6.970086875000000000e+05 2.053043437500000000e+05 7.500255126953125000e+02 1.000000000000000000e+00 7.656250000000000000e-01 -2.690429687500000000e-01
1.400000000000000000e+01 1.730000000000000000e+02 6.970091250000000000e+05 2.053047343750000000e+05 7.499134521484375000e+02 8.125000000000000000e-01 9.687500000000000000e-01 -1.497192382812500000e-01
1.400000000000000000e+01 3.900000000000000000e+01 6.970095000000000000e+05 2.053053125000000000e+05 7.498757934570312500e+02 2.500000000000000000e-01 1.062500000000000000e+00 4.785156250000000000e-02
1.400000000000000000e+01 3.240000000000000000e+02 6.970093750000000000e+05 2.053057968750000000e+05 7.499613037109375000e+02 1.250000000000000000e-01 -4.843750000000000000e-01 -8.551025390625000000e-02
1.500000000000000000e+01 3.030000000000000000e+02 6.970885000000000000e+05 2.052936718750000000e+05 7.324433593750000000e+02 5.000000000000000000e-01 -4.062500000000000000e-01 -1.082153320312500000e-01
1.500000000000000000e+01 4.660000000000000000e+02 6.970890000000000000e+05 2.052932656250000000e+05 7.323351440429687500e+02 1.187500000000000000e+00 -1.000000000000000000e+00 -2.692871093750000000e-01
1.500000000000000000e+01 4.080000000000000000e+02 6.970896875000000000e+05 2.052926718750000000e+05 7.321740722656250000e+02 1.187500000000000000e+00 -8.593750000000000000e-01 -2.507934570312500000e-01
1.500000000000000000e+01 7.500000000000000000e+01 6.970901875000000000e+05 2.052924062500000000e+05 7.320843505859375000e+02 -5.000000000000000000e-01 2.656250000000000000e-01 8.972167968750000000e-02
1.600000000000000000e+01 3.240000000000000000e+02 6.970093750000000000e+05 2.053057968750000000e+05 7.499613037109375000e+02 -5.625000000000000000e-01 -9.375000000000000000e-02 2.141113281250000000e-01
1.600000000000000000e+01 4.720000000000000000e+02 6.970088125000000000e+05 2.053057031250000000e+05 7.501754150390625000e+02 -1.062500000000000000e+00 -3.281250000000000000e-01 3.983154296875000000e-01
1.600000000000000000e+01 4.150000000000000000e+02 6.970083125000000000e+05 2.053054687500000000e+05 7.503596191406250000e+02 -1.000000000000000000e+00 -5.312500000000000000e-01 3.756103515625000000e-01
1.600000000000000000e+01 4.480000000000000000e+02 6.970078125000000000e+05 2.053051718750000000e+05 7.505510253906250000e+02 5.000000000000000000e-01 2.968750000000000000e-01 -1.914062500000000000e-01
